0	0
2.28289E-006	0.567593
4.56577E-006	1.13518
7.99009E-006	1.98657
1.31266E-005	3.26365
2.08313E-005	5.17926
3.23883E-005	8.05266
4.97237E-005	12.3627
7.57266E-005	18.8277
0.00011473	28.5251
0.000173235	43.0708
0.00026099	64.8885
0.000392616	97.6132
0.000590044	146.696
0.000818272	203.435
0.00104648	260.166
0.00127467	316.892
0.00151109	373.533
0.00176372	429.801
0.00202621	485.79
0.00230887	541.306
0.0026193	596.149
0.00294821	650.237
0.00329075	702.214
0.00362922	748.976
0.00397925	787.809
0.0043708	814.361
0.00481802	833.517
0.00526603	850.876
0.00570296	867.058
0.00612212	882.046
0.00652535	896.09
0.00690786	909.127
0.00721533	919.48
0.00749564	928.704
0.00777151	937.622
0.0080446	946.312
0.00831297	954.673
0.0085797	962.903
0.00884511	971.017
0.00910916	979.001
0.00937175	986.859
0.00963286	994.597
0.00989287	1002.25
0.0101518	1009.81
0.0104097	1017.28
0.0106665	1024.65
0.0109222	1031.94
0.0111771	1039.16
0.011431	1046.31
0.0116842	1053.4
0.0119365	1060.43
0.012188	1067.39
0.0124387	1074.29
0.0126887	1081.14
0.0129379	1087.93
0.0131863	1094.66
0.0134342	1101.35
0.0136813	1108
0.0139279	1114.61
0.0141739	1121.17
0.0144193	1127.7
0.0146642	1134.2
0.0149086	1140.66
0.0151525	1147.08
0.0153959	1153.47
0.0156388	1159.83
0.0158813	1166.16
0.0161234	1172.46
0.016365	1178.74
0.0166063	1184.99
0.0168472	1191.21
0.0170877	1197.4
0.0173279	1203.57
0.0175678	1209.72
0.0178074	1215.84
0.0180466	1221.95
0.0182856	1228.04
0.0185243	1234.11
0.0187627	1240.16
0.0190009	1246.2
0.0192388	1252.22
0.0194765	1258.22
0.019714	1264.21
0.0199513	1270.18
0.0201884	1276.14
0.0204252	1282.09
0.0206619	1288.02
0.0208984	1293.95
0.0211347	1299.85
0.0213708	1305.75
0.0216068	1311.63
0.0218427	1317.51
0.0220784	1323.37
0.0223139	1329.22
0.0225494	1335.06
0.0227847	1340.89
0.0230198	1346.71
0.0232549	1352.52
0.0234899	1358.32
0.0237247	1364.11
0.0239594	1369.89
0.0241941	1375.66
0.0244286	1381.43
0.024663	1387.18
0.0248973	1392.93
0.0251316	1398.67
0.0253657	1404.4
0.0255998	1410.13
0.0258338	1415.84
0.0260677	1421.55
0.0260293	1412.01
0.0258031	1355.86
0.0255768	1299.7
0.0253505	1243.53
0.0251242	1187.35
0.0248979	1131.17
0.0246716	1074.98
0.0244452	1018.79
0.0242189	962.584
0.0239925	906.375
0.0237661	850.16
0.0235396	793.938
0.0233132	737.71
0.0230867	681.475
0.0228602	625.233
0.0226337	568.985
0.0224072	512.73
0.0221806	456.469
0.0219541	400.201
0.0217173	344.059
0.0214677	288.191
0.0212196	232.423
0.0209726	176.763
0.0207073	121.336
0.0204318	66.1961
0.0201562	11.1816
0.0198488	-43.2717
0.0195411	-97.4735
0.0192197	-151.373
0.018886	-204.705
0.0185294	-257.078
0.0181763	-308.171
0.0178183	-356.755
0.017455	-401.493
0.0170846	-441.782
0.0166834	-476.926
0.0162518	-502.374
0.0157922	-522.974
0.015325	-541.902
0.0148692	-559.433
0.0144236	-575.967
0.0139875	-591.61
0.0135608	-606.518
0.0131431	-620.781
0.0127356	-634.401
0.0123408	-647.339
0.0119707	-659.273
0.0116455	-669.687
0.0113287	-679.666
0.0110189	-689.247
0.0107125	-698.584
0.0104088	-707.71
0.0101069	-716.675
0.00980744	-725.451
0.00951173	-733.989
0.00921894	-742.334
0.00892773	-750.562
0.00863811	-758.669
0.00835023	-766.653
0.00806399	-774.526
0.00777958	-782.282
0.00749674	-789.936
0.00721566	-797.479
0.00693638	-804.913
0.00665861	-812.258
0.00638243	-819.523
0.00610772	-826.708
0.00583452	-833.809
0.00556277	-840.831
0.00529239	-847.781
0.00502339	-854.66
0.00475589	-861.456
0.00448964	-868.191
0.00422464	-874.866
0.00396083	-881.483
0.00369818	-888.046
0.00343676	-894.557
0.00317645	-901.017
0.0029172	-907.428
0.00265905	-913.785
0.00240196	-920.095
0.00214585	-926.362
0.00189069	-932.589
0.00163646	-938.775
0.00138313	-944.92
0.0011307	-951.018
0.000879093	-957.083
0.000628277	-963.114
0.00037822	-969.113
0.000128894	-975.083
-0.000119729	-981.023
-0.000367675	-986.935
-0.000614954	-992.819
-0.00086158	-998.678
-0.00110759	-1004.51
-0.00135303	-1010.32
-0.0015979	-1016.11
-0.00184225	-1021.88
-0.00208608	-1027.62
-0.00232943	-1033.35
-0.0025723	-1039.05
-0.00281473	-1044.74
-0.00305672	-1050.41
-0.0032983	-1056.06
-0.00353948	-1061.69
-0.00378028	-1067.3
-0.0040207	-1072.9
-0.00426078	-1078.49
-0.00450052	-1084.06
-0.00473994	-1089.62
-0.00497904	-1095.17
-0.00521785	-1100.7
-0.0054564	-1106.22
-0.00569466	-1111.72
-0.00593265	-1117.22
-0.0061704	-1122.7
-0.0064079	-1128.17
-0.00664515	-1133.64
-0.00688218	-1139.09
-0.00711899	-1144.53
-0.00735559	-1149.97
-0.007592	-1155.4
-0.0078282	-1160.81
-0.00806423	-1166.23
-0.00830007	-1171.63
-0.00853574	-1177.02
-0.00877125	-1182.41
-0.00900659	-1187.79
-0.00924178	-1193.16
-0.00947682	-1198.53
-0.00971172	-1203.89
-0.00994647	-1209.25
-0.0101811	-1214.59
-0.0104156	-1219.94
-0.01065	-1225.27
-0.0108842	-1230.6
-0.0111183	-1235.93
-0.0113523	-1241.25
-0.0115862	-1246.57
-0.01182	-1251.88
-0.0120536	-1257.18
-0.0122872	-1262.48
-0.0125207	-1267.78
-0.012754	-1273.07
-0.0129873	-1278.36
-0.0132205	-1283.64
-0.0134536	-1288.92
-0.0136866	-1294.19
-0.0139196	-1299.46
-0.0141524	-1304.72
-0.0143852	-1309.98
-0.0146179	-1315.24
-0.0148505	-1320.49
-0.0150831	-1325.74
-0.0153156	-1330.98
-0.015548	-1336.22
-0.0157804	-1341.46
-0.0160127	-1346.69
-0.0162449	-1351.92
-0.0164771	-1357.15
-0.0167093	-1362.37
-0.0169413	-1367.59
-0.0171733	-1372.8
-0.0174052	-1378.02
-0.0176371	-1383.23
-0.0178689	-1388.43
-0.0181006	-1393.64
-0.0183323	-1398.84
-0.018564	-1404.04
-0.0187956	-1409.23
-0.0190271	-1414.42
-0.0192586	-1419.61
-0.01949	-1424.8
-0.0197214	-1429.98
-0.0199527	-1435.17
-0.0201839	-1440.35
-0.0204151	-1445.52
-0.0206463	-1450.7
-0.0208774	-1455.87
-0.0211084	-1461.04
-0.0213394	-1466.21
-0.0215704	-1471.37
-0.0218014	-1476.53
-0.0220324	-1481.69
-0.0222633	-1486.84
-0.0224942	-1491.99
-0.0227251	-1497.13
-0.0229559	-1502.28
-0.0231867	-1507.42
-0.0234174	-1512.56
-0.0236482	-1517.7
-0.0238789	-1522.83
-0.0241095	-1527.96
-0.0243401	-1533.09
-0.0245707	-1538.22
-0.0248013	-1543.35
-0.0250318	-1548.47
-0.0252623	-1553.59
-0.0254928	-1558.71
-0.0257232	-1563.82
-0.0256841	-1554.07
-0.0254537	-1496.69
-0.0252234	-1439.31
-0.024993	-1381.94
-0.0247627	-1324.58
-0.0245324	-1267.22
-0.0243022	-1209.87
-0.0240719	-1152.53
-0.0238417	-1095.19
-0.0236115	-1037.86
-0.0233813	-980.538
-0.0231511	-923.222
-0.0229209	-865.913
-0.0226908	-808.612
-0.0224607	-751.316
-0.0222306	-694.027
-0.0220005	-636.746
-0.0217705	-579.471
-0.0215404	-522.203
-0.0213104	-464.942
-0.0210585	-407.893
-0.0208001	-350.906
-0.0205433	-294.042
-0.0202853	-237.207
-0.0200287	-180.468
-0.0197724	-123.777
-0.0194912	-67.2838
-0.0192	-10.9818
-0.018909	45.1899
-0.018619	101.277
-0.0182953	156.868
-0.0179671	212.242
-0.017644	267.418
-0.0173012	322.24
-0.0169547	376.296
-0.0166032	429.178
-0.0162523	480.375
-0.0158965	529.054
-0.0155386	574.246
-0.0151716	615.078
-0.0147852	649.965
-0.0143885	673.358
-0.0139345	692.912
-0.0134722	710.853
-0.0130168	727.695
-0.0125721	743.552
-0.0121354	758.558
-0.0117062	772.866
-0.011284	786.59
-0.0108698	799.729
-0.0104638	812.327
-0.0100687	824.338
-0.00969689	835.472
-0.00936527	845.29
-0.00904105	854.719
-0.00872196	863.84
-0.00840732	872.678
-0.00809495	881.325
-0.00778425	889.818
-0.00747608	898.125
-0.00717062	906.25
-0.00686868	914.158
-0.00656833	921.945
-0.00626948	929.62
-0.00597233	937.189
-0.00567676	944.656
-0.005383	952.008
-0.005091	959.255
-0.00480079	966.401
-0.00451239	973.443
-0.0042255	980.404
-0.00394007	987.287
-0.00365614	994.091
-0.00337382	1000.81
-0.00309293	1007.46
-0.00281349	1014.05
-0.00253562	1020.56
-0.00225919	1027
-0.00198412	1033.38
-0.00171034	1039.7
-0.00143783	1045.97
-0.00116656	1052.19
-0.000896512	1058.36
-0.000627706	1064.47
-0.000360077	1070.54
-9.35908E-005	1076.56
0.000171813	1082.54
0.000436164	1088.48
0.000699417	1094.37
0.000961637	1100.22
0.00122289	1106.03
0.00148321	1111.81
0.00174262	1117.56
0.00200117	1123.27
0.00225889	1128.95
0.00251577	1134.6
0.00277187	1140.23
0.00302719	1145.83
0.00328178	1151.4
0.00353568	1156.95
0.0037889	1162.48
0.00404148	1167.97
0.00429343	1173.45
0.00454479	1178.91
0.00479557	1184.34
0.00504579	1189.76
0.00529548	1195.16
0.00554466	1200.54
0.00579335	1205.9
0.00604156	1211.25
0.00628934	1216.57
0.00653668	1221.88
0.00678358	1227.17
0.00703008	1232.45
0.0072762	1237.72
0.00752194	1242.98
0.00776733	1248.22
0.00801236	1253.45
0.00825704	1258.67
0.00850141	1263.88
0.00874547	1269.08
0.00898924	1274.27
0.00923272	1279.45
0.00947593	1284.62
0.00971888	1289.78
0.00996157	1294.93
0.010204	1300.07
0.0104462	1305.21
0.0106882	1310.34
0.01093	1315.46
0.0111715	1320.57
0.0114128	1325.68
0.0116539	1330.78
0.0118949	1335.87
0.0121356	1340.96
0.0123762	1346.04
0.0126165	1351.11
0.0128568	1356.18
0.0130968	1361.24
0.0133367	1366.3
0.0135764	1371.35
0.013816	1376.4
0.0140555	1381.44
0.0142948	1386.47
0.0145339	1391.5
0.0147729	1396.52
0.0150118	1401.54
0.0152506	1406.56
0.0154893	1411.57
0.0157278	1416.57
0.0159662	1421.57
0.0162045	1426.57
0.0164427	1431.56
0.0166808	1436.55
0.0169187	1441.53
0.0171566	1446.51
0.0173943	1451.49
0.0176319	1456.47
0.0178694	1461.44
0.0181068	1466.41
0.0183441	1471.37
0.0185814	1476.33
0.0188185	1481.29
0.0190555	1486.24
0.0192925	1491.19
0.0195294	1496.14
0.0197661	1501.08
0.0200029	1506.02
0.0202395	1510.95
0.020476	1515.89
0.0207125	1520.81
0.0209489	1525.74
0.0211852	1530.66
0.0214215	1535.58
0.0216576	1540.5
0.0218937	1545.41
0.0221297	1550.32
0.0223657	1555.23
0.0226016	1560.13
0.0228374	1565.03
0.0230731	1569.93
0.0233088	1574.83
0.0235444	1579.72
0.0237799	1584.61
0.0240154	1589.5
0.0242507	1594.38
0.0244861	1599.26
0.0247214	1604.14
0.0249566	1609.02
0.0251917	1613.9
0.0254268	1618.77
0.0256618	1623.64
0.0258968	1628.5
0.0261317	1633.37
0.0263665	1638.23
0.0266013	1643.09
0.0268361	1647.94
0.0270707	1652.8
0.0273053	1657.65
0.0275399	1662.5
0.0275014	1652.94
0.0272747	1596.68
0.027048	1540.42
0.0268213	1484.15
0.0265946	1427.87
0.0263678	1371.58
0.026141	1315.29
0.0259142	1258.99
0.0256874	1202.69
0.0254606	1146.37
0.0252338	1090.06
0.0250069	1033.73
0.02478	977.4
0.0245531	921.062
0.0243262	864.717
0.0240992	808.366
0.0238722	752.008
0.0236453	695.643
0.0234182	639.272
0.0231912	582.894
0.0229642	526.51
0.0227263	470.264
0.0224735	414.242
0.0222241	358.371
0.0219741	302.53
0.0217243	246.756
0.0214698	191.132
0.021189	135.768
0.0209089	80.6158
0.0206283	25.5396
0.0203286	-29.3234
0.020009	-83.7702
0.0196928	-137.922
0.0193752	-192.024
0.0190292	-245.735
0.0186812	-299.045
0.0183098	-351.898
0.017932	-404.064
0.0175494	-455.637
0.0171645	-505.577
0.0167677	-553.561
0.0163762	-598.745
0.0159728	-640.761
0.0155575	-678.876
0.01512	-712.973
0.0146436	-740.759
0.0141387	-761.139
0.0136287	-779.809
0.0131185	-797.148
0.0126202	-813.405
0.0121357	-828.706
0.0116599	-843.357
0.0111921	-857.333
0.0107345	-870.694
0.0102854	-883.558
0.0098436	-895.987
0.00940897	-908.013
0.00898305	-919.615
0.00856607	-930.81
0.00815994	-941.563
0.00777056	-951.761
0.00742887	-960.706
0.00709584	-969.31
0.0067689	-977.642
0.00644695	-985.728
0.00612796	-993.663
0.0058113	-1001.48
0.00549763	-1009.14
0.00518732	-1016.66
0.00488138	-1023.98
0.00457777	-1031.18
0.00427634	-1038.29
0.00397702	-1045.31
0.00367982	-1052.24
0.00338484	-1059.08
0.00309215	-1065.82
0.00280145	-1072.47
0.00251327	-1079.04
0.00222724	-1085.52
0.00194312	-1091.94
0.00166085	-1098.29
0.00138058	-1104.56
0.00110211	-1110.77
0.000825362	-1116.91
0.000550415	-1122.99
0.000277279	-1129
5.81738E-006	-1134.96
-0.000263999	-1140.87
-0.000532258	-1146.73
-0.000799017	-1152.54
-0.0010643	-1158.3
-0.00132813	-1164.02
-0.00159058	-1169.68
-0.00185169	-1175.31
-0.00211148	-1180.9
-0.00237003	-1186.45
-0.00262733	-1191.95
-0.00288346	-1197.42
-0.00313846	-1202.85
-0.00339238	-1208.25
-0.00364525	-1213.62
-0.00389711	-1218.96
-0.00414802	-1224.27
-0.00439798	-1229.56
-0.00464705	-1234.82
-0.00489526	-1240.05
-0.00514264	-1245.26
-0.00538925	-1250.44
-0.00563506	-1255.6
-0.00588014	-1260.74
-0.00612453	-1265.86
-0.00636825	-1270.96
-0.00661132	-1276.05
-0.00685379	-1281.11
-0.00709566	-1286.16
-0.00733697	-1291.19
-0.00757778	-1296.2
-0.00781807	-1301.2
-0.00805787	-1306.18
-0.00829719	-1311.14
-0.00853606	-1316.1
-0.00877448	-1321.04
-0.0090125	-1325.97
-0.00925011	-1330.89
-0.00948734	-1335.8
-0.00972421	-1340.7
-0.00996073	-1345.59
-0.0101969	-1350.47
-0.0104328	-1355.34
-0.0106683	-1360.2
-0.0109035	-1365.06
-0.0111385	-1369.91
-0.0113731	-1374.75
-0.0116076	-1379.58
-0.0118417	-1384.41
-0.0120756	-1389.23
-0.0123093	-1394.04
-0.0125428	-1398.85
-0.012776	-1403.65
-0.0130091	-1408.44
-0.0132419	-1413.24
-0.0134745	-1418.02
-0.013707	-1422.8
-0.0139392	-1427.58
-0.0141713	-1432.35
-0.0144033	-1437.12
-0.0146351	-1441.88
-0.0148667	-1446.64
-0.0150982	-1451.39
-0.0153296	-1456.14
-0.0155608	-1460.89
-0.0157919	-1465.63
-0.0160228	-1470.37
-0.0162536	-1475.1
-0.0164843	-1479.84
-0.0167149	-1484.56
-0.0169454	-1489.29
-0.0171758	-1494.01
-0.0174061	-1498.74
-0.0176362	-1503.45
-0.0178662	-1508.17
-0.0180962	-1512.88
-0.018326	-1517.6
-0.0185558	-1522.31
-0.0187854	-1527.01
-0.019015	-1531.72
-0.0192445	-1536.42
-0.0194739	-1541.12
-0.0197033	-1545.82
-0.0199326	-1550.52
-0.0201618	-1555.21
-0.0203909	-1559.9
-0.0206199	-1564.6
-0.0208488	-1569.29
-0.0210777	-1573.98
-0.0213064	-1578.66
-0.0215352	-1583.35
-0.0217638	-1588.03
-0.0219924	-1592.72
-0.022221	-1597.4
-0.0224495	-1602.08
-0.0226779	-1606.76
-0.0229063	-1611.43
-0.0231346	-1616.11
-0.0233628	-1620.78
-0.023591	-1625.45
-0.0238192	-1630.13
-0.0240473	-1634.8
-0.0242754	-1639.46
-0.0245034	-1644.13
-0.0247313	-1648.8
-0.0249593	-1653.46
-0.0251871	-1658.13
-0.025415	-1662.79
-0.0256427	-1667.45
-0.0258705	-1672.11
-0.0260982	-1676.77
-0.0263258	-1681.43
-0.0265534	-1686.09
-0.026781	-1690.75
-0.0267419	-1681.01
-0.0265119	-1623.7
-0.0262819	-1566.39
-0.0260518	-1509.09
-0.0258218	-1451.8
-0.0255919	-1394.51
-0.0253619	-1337.23
-0.025132	-1279.96
-0.024902	-1222.69
-0.0246721	-1165.43
-0.0244423	-1108.18
-0.0242124	-1050.93
-0.0239826	-993.693
-0.0237527	-936.461
-0.0235229	-879.235
-0.0232931	-822.017
-0.0230634	-764.806
-0.0228336	-707.601
-0.0226039	-650.403
-0.0223742	-593.212
-0.0221259	-536.194
-0.021867	-479.262
-0.0216103	-422.452
-0.0213524	-365.673
-0.0210946	-308.954
-0.0208383	-252.316
-0.0205778	-195.728
-0.0202856	-139.38
-0.019994	-83.201
-0.0197022	-27.1015
-0.019411	28.9278
-0.0190891	84.5167
-0.0187591	139.858
-0.0184292	195.075
-0.0181045	250.121
-0.0177523	304.807
-0.0173985	359.002
-0.0170459	412.27
-0.0166811	464.677
-0.0163265	515.638
-0.0159657	564.687
-0.0156023	611.386
-0.0152384	655.071
-0.0148676	695.513
-0.0144869	732.024
-0.0140823	763.303
-0.0136731	785.622
-0.013222	804.534
-0.0127508	822.21
-0.0122763	838.942
-0.0118106	854.671
-0.0113479	869.734
-0.010889	884.237
-0.0104386	898.09
-0.00999248	911.401
-0.00955014	924.297
-0.00911304	936.78
-0.00867935	948.934
-0.00825034	960.741
-0.00782715	972.191
-0.00740964	983.301
-0.00699835	994.083
-0.0065946	1004.53
-0.00620041	1014.61
-0.00584167	1023.73
-0.00550529	1032.19
-0.00517263	1040.45
-0.00484605	1048.46
-0.00452261	1056.3
-0.00420145	1064.03
-0.0038824	1071.64
-0.0035658	1079.13
-0.00325194	1086.49
-0.00294192	1093.67
-0.0026344	1100.73
-0.00232878	1107.71
-0.00202507	1114.62
-0.00172338	1121.44
-0.00142362	1128.19
-0.00112596	1134.84
-0.000830298	1141.42
-0.000536467	1147.93
-0.000244819	1154.36
4.49691E-005	1160.71
0.000333046	1167
0.00061934	1173.24
0.000903859	1179.41
0.0011866	1185.52
0.00146773	1191.57
0.00174724	1197.57
0.00202515	1203.52
0.00230133	1209.4
0.00257605	1215.23
0.00284933	1221.02
0.00312121	1226.77
0.00339172	1232.48
0.00366083	1238.14
0.00392861	1243.76
0.0041951	1249.34
0.00446038	1254.88
0.00472448	1260.39
0.00498744	1265.86
0.00524927	1271.3
0.00550997	1276.7
0.00576962	1282.07
0.00602824	1287.41
0.00628591	1292.72
0.00654265	1298
0.00679849	1303.26
0.00705346	1308.49
0.0073076	1313.7
0.00756095	1318.88
0.00781352	1324.05
0.00806533	1329.19
0.00831643	1334.31
0.00856686	1339.42
0.00881664	1344.5
0.0090658	1349.56
0.00931435	1354.61
0.00956232	1359.64
0.00980974	1364.66
0.0100566	1369.66
0.010303	1374.65
0.0105489	1379.62
0.0107944	1384.57
0.0110394	1389.51
0.0112839	1394.44
0.0115281	1399.35
0.0117718	1404.26
0.0120152	1409.15
0.0122582	1414.04
0.0125009	1418.91
0.0127432	1423.78
0.0129852	1428.63
0.0132269	1433.48
0.0134682	1438.32
0.0137093	1443.15
0.0139501	1447.98
0.0141907	1452.8
0.014431	1457.61
0.014671	1462.41
0.0149108	1467.21
0.0151504	1472
0.0153897	1476.78
0.0156288	1481.56
0.0158678	1486.34
0.0161065	1491.1
0.016345	1495.87
0.0165833	1500.62
0.0168215	1505.38
0.0170595	1510.12
0.0172973	1514.87
0.017535	1519.6
0.0177725	1524.33
0.0180099	1529.06
0.0182471	1533.79
0.0184842	1538.51
0.0187211	1543.22
0.0189578	1547.94
0.0191945	1552.65
0.019431	1557.35
0.0196674	1562.06
0.0199037	1566.75
0.0201398	1571.45
0.0203758	1576.14
0.0206117	1580.83
0.0208476	1585.52
0.0210833	1590.2
0.0213189	1594.88
0.0215544	1599.56
0.0217898	1604.23
0.0220251	1608.9
0.0222603	1613.57
0.0224953	1618.24
0.0227303	1622.9
0.0229652	1627.56
0.0232001	1632.22
0.0234348	1636.87
0.0236694	1641.53
0.023904	1646.18
0.0241385	1650.83
0.0243729	1655.47
0.0246072	1660.12
0.0248414	1664.76
0.0250756	1669.4
0.0253097	1674.04
0.0255437	1678.67
0.0257776	1683.3
0.0260115	1687.93
0.0262453	1692.56
0.026479	1697.19
0.0267126	1701.82
0.0269462	1706.44
0.0271797	1711.06
0.0274132	1715.68
0.0276466	1720.3
0.0278799	1724.91
0.0281131	1729.53
0.0283463	1734.14
0.0285795	1738.75
0.0285409	1729.18
0.028314	1672.86
0.028087	1616.54
0.0278601	1560.21
0.0276331	1503.87
0.027406	1447.53
0.027179	1391.18
0.026952	1334.82
0.0267249	1278.45
0.0264978	1222.08
0.0262707	1165.71
0.0260436	1109.32
0.0258164	1052.93
0.0255893	996.535
0.0253621	940.131
0.0251349	883.721
0.0249077	827.304
0.0246804	770.881
0.0244531	714.451
0.0242259	658.014
0.0239986	601.571
0.0237608	545.262
0.0235079	489.184
0.0232583	433.26
0.0230082	377.366
0.0227582	321.537
0.0225047	265.854
0.0222239	210.441
0.0219435	155.225
0.0216628	100.104
0.0213688	45.1398
0.0210486	-9.3756
0.0207309	-63.6301
0.0204132	-117.772
0.0200804	-171.717
0.0197305	-225.22
0.0193816	-278.403
0.0189996	-331.012
0.0186209	-383.109
0.0182405	-434.657
0.0178551	-484.654
0.0174649	-533.183
0.0170741	-579.508
0.0166823	-623.345
0.0162826	-664.425
0.0158773	-702.228
0.015456	-736.794
0.0150045	-768.316
0.0145295	-792.726
0.0140315	-812.138
0.0135294	-830.215
0.0130202	-847.23
0.0125165	-863.278
0.0120189	-878.597
0.0115274	-893.259
0.0110461	-907.28
0.0105717	-920.779
0.0101017	-933.848
0.00963703	-946.51
0.00917804	-958.818
0.00872507	-970.78
0.00827819	-982.421
0.0078365	-993.781
0.00739912	-1004.9
0.0069692	-1015.68
0.00654514	-1026.2
0.00612728	-1036.48
0.00571735	-1046.46
0.00531577	-1056.16
0.00492695	-1065.48
0.00458203	-1073.74
0.00424814	-1081.67
0.00391881	-1089.43
0.00359611	-1096.94
0.00327613	-1104.34
0.0029588	-1111.63
0.00264379	-1118.84
0.00233185	-1125.94
0.00202313	-1132.91
0.00171872	-1139.71
0.00141683	-1146.43
0.00111719	-1153.06
0.000819854	-1159.61
0.000524722	-1166.09
0.000231792	-1172.5
-5.89389E-005	-1178.84
-0.000347427	-1185.11
-0.000633765	-1191.31
-0.000917755	-1197.44
-0.0011995	-1203.5
-0.00147928	-1209.49
-0.00175717	-1215.44
-0.00203324	-1221.32
-0.00230744	-1227.15
-0.00257982	-1232.92
-0.0028505	-1238.64
-0.00311948	-1244.31
-0.00338665	-1249.93
-0.00365215	-1255.5
-0.00391612	-1261.02
-0.0041786	-1266.51
-0.00443964	-1271.95
-0.00469929	-1277.36
-0.00495759	-1282.73
-0.00521456	-1288.06
-0.00547022	-1293.35
-0.00572465	-1298.61
-0.00597791	-1303.84
-0.00623002	-1309.04
-0.00648104	-1314.21
-0.00673099	-1319.34
-0.00697992	-1324.44
-0.00722787	-1329.52
-0.0074749	-1334.57
-0.00772102	-1339.59
-0.00796629	-1344.6
-0.00821073	-1349.58
-0.00845437	-1354.55
-0.00869725	-1359.49
-0.0089394	-1364.41
-0.00918087	-1369.32
-0.00942167	-1374.2
-0.00966181	-1379.07
-0.00990135	-1383.92
-0.0101403	-1388.76
-0.0103787	-1393.58
-0.0106166	-1398.39
-0.0108539	-1403.18
-0.0110908	-1407.96
-0.0113272	-1412.73
-0.0115631	-1417.49
-0.0117987	-1422.23
-0.0120339	-1426.96
-0.0122687	-1431.68
-0.0125031	-1436.38
-0.0127371	-1441.08
-0.0129708	-1445.78
-0.0132042	-1450.46
-0.0134373	-1455.13
-0.01367	-1459.8
-0.0139025	-1464.46
-0.0141347	-1469.12
-0.0143667	-1473.76
-0.0145984	-1478.4
-0.0148298	-1483.04
-0.015061	-1487.67
-0.015292	-1492.29
-0.0155227	-1496.91
-0.0157533	-1501.53
-0.0159837	-1506.14
-0.0162139	-1510.74
-0.0164439	-1515.34
-0.0166737	-1519.93
-0.0169033	-1524.52
-0.0171328	-1529.11
-0.0173622	-1533.7
-0.0175913	-1538.28
-0.0178204	-1542.85
-0.0180493	-1547.42
-0.018278	-1551.99
-0.0185067	-1556.56
-0.0187352	-1561.13
-0.0189636	-1565.69
-0.0191919	-1570.24
-0.0194201	-1574.8
-0.0196481	-1579.35
-0.0198761	-1583.9
-0.0201039	-1588.45
-0.0203317	-1593
-0.0205593	-1597.54
-0.0207869	-1602.09
-0.0210143	-1606.63
-0.0212417	-1611.17
-0.021469	-1615.7
-0.0216963	-1620.24
-0.0219235	-1624.77
-0.0221507	-1629.3
-0.0223777	-1633.83
-0.0226047	-1638.35
-0.0228315	-1642.88
-0.0230583	-1647.41
-0.0232849	-1651.94
-0.0235115	-1656.46
-0.0237381	-1660.99
-0.0239646	-1665.51
-0.024191	-1670.03
-0.0244173	-1674.56
-0.0246436	-1679.08
-0.0248699	-1683.59
-0.0250961	-1688.11
-0.0253223	-1692.63
-0.0255483	-1697.15
-0.0257744	-1701.66
-0.0260004	-1706.17
-0.0262264	-1710.69
-0.0264523	-1715.2
-0.0266781	-1719.71
-0.026904	-1724.22
-0.0271297	-1728.73
-0.0273555	-1733.24
-0.0273164	-1723.51
-0.0270865	-1666.23
-0.0268567	-1608.96
-0.0266268	-1551.7
-0.026397	-1494.44
-0.0261671	-1437.19
-0.0259373	-1379.94
-0.0257076	-1322.7
-0.0254778	-1265.47
-0.0252481	-1208.25
-0.0250183	-1151.03
-0.0247886	-1093.82
-0.0245589	-1036.62
-0.0243293	-979.422
-0.0240996	-922.232
-0.02387	-865.049
-0.0236404	-807.873
-0.0234108	-750.703
-0.0231812	-693.54
-0.0229517	-636.385
-0.0227032	-579.404
-0.0224444	-522.503
-0.0221877	-465.724
-0.0219299	-408.975
-0.0216721	-352.284
-0.0214157	-295.674
-0.0211568	-239.104
-0.0208647	-182.783
-0.0205729	-126.618
-0.0202811	-70.5422
-0.0199898	-14.5303
-0.0196716	41.0846
-0.0193415	96.4177
-0.0190111	151.627
-0.018686	206.664
-0.0183414	261.454
-0.0179842	315.743
-0.0176399	369.106
-0.0172721	422.042
-0.0169147	473.553
-0.016564	523.582
-0.0161983	571.691
-0.0158379	617.507
-0.0154785	660.404
-0.0151098	700.458
-0.0147351	737.196
-0.0143409	770.118
-0.0139352	795.898
-0.0135276	815.969
-0.0130744	833.994
-0.0126096	851.082
-0.0121372	867.397
-0.0116698	882.892
-0.0112067	897.737
-0.0107465	912.011
-0.0102894	925.77
-0.00983529	939.13
-0.00938635	952.061
-0.00893939	964.605
-0.00849565	976.819
-0.00805507	988.741
-0.0076178	1000.38
-0.00718329	1011.78
-0.00675398	1022.86
-0.00632743	1033.73
-0.00590492	1044.37
-0.0054872	1054.77
-0.0050745	1064.93
-0.0046675	1074.85
-0.00426841	1084.47
-0.0038857	1093.63
-0.00354304	1101.8
-0.00320688	1109.74
-0.00287448	1117.53
-0.00254826	1125.09
-0.00222423	1132.55
-0.00190256	1139.91
-0.00158278	1147.19
-0.00126524	1154.37
-0.000951126	1161.42
-0.000639516	1168.36
-0.000331622	1175.15
-2.56862E-005	1181.87
0.000278194	1188.52
0.000579815	1195.09
0.000879416	1201.6
0.00117711	1208.05
0.00147291	1214.43
0.00176658	1220.74
0.00205833	1226.99
0.00234812	1233.17
0.0026358	1239.28
0.0029216	1245.33
0.00320559	1251.32
0.00348785	1257.27
0.00376845	1263.16
0.00404731	1269.01
0.00432446	1274.79
0.00460004	1280.53
0.00487408	1286.23
0.00514661	1291.88
0.00541752	1297.48
0.005687	1303.03
0.00595512	1308.55
0.00622188	1314.03
0.00648734	1319.47
0.00675155	1324.88
0.00701456	1330.26
0.00727638	1335.61
0.00753697	1340.91
0.00779646	1346.19
0.00805489	1351.43
0.00831231	1356.65
0.00856874	1361.84
0.00882423	1367.01
0.00907877	1372.14
0.00933239	1377.25
0.00958517	1382.33
0.00983715	1387.39
0.0100883	1392.43
0.0103388	1397.45
0.0105885	1402.46
0.0108375	1407.44
0.0110859	1412.41
0.0113336	1417.36
0.0115807	1422.29
0.0118272	1427.21
0.0120731	1432.11
0.0123186	1436.99
0.0125635	1441.86
0.0128079	1446.72
0.0130519	1451.56
0.0132954	1456.4
0.0135384	1461.22
0.0137811	1466.03
0.0140233	1470.83
0.0142652	1475.62
0.0145067	1480.39
0.0147479	1485.16
0.0149887	1489.91
0.0152292	1494.65
0.0154694	1499.39
0.0157093	1504.12
0.015949	1508.84
0.0161883	1513.55
0.0164274	1518.26
0.0166662	1522.96
0.0169047	1527.65
0.0171431	1532.34
0.0173812	1537.03
0.017619	1541.7
0.0178567	1546.37
0.0180941	1551.04
0.0183314	1555.7
0.0185685	1560.36
0.0188054	1565.01
0.0190421	1569.65
0.0192786	1574.29
0.019515	1578.93
0.0197512	1583.57
0.0199872	1588.2
0.0202231	1592.82
0.0204589	1597.44
0.0206945	1602.06
0.02093	1606.67
0.0211653	1611.28
0.0214006	1615.89
0.0216356	1620.49
0.0218706	1625.09
0.0221054	1629.69
0.0223401	1634.28
0.0225747	1638.87
0.0228092	1643.46
0.0230436	1648.05
0.0232779	1652.63
0.0235121	1657.21
0.0237462	1661.79
0.0239802	1666.36
0.0242141	1670.93
0.0244479	1675.5
0.0246817	1680.06
0.0249153	1684.63
0.0251488	1689.19
0.0253822	1693.75
0.0256156	1698.31
0.0258488	1702.87
0.026082	1707.42
0.0263151	1711.97
0.0265481	1716.52
0.026781	1721.07
0.0270139	1725.62
0.0272467	1730.16
0.0274794	1734.7
0.027712	1739.24
0.0279446	1743.78
0.0281771	1748.32
0.0284095	1752.85
0.0286419	1757.38
0.0288742	1761.92
0.0291064	1766.45
0.0290678	1756.88
0.0288408	1700.53
0.0286137	1644.18
0.0283866	1587.82
0.0281595	1531.45
0.0279324	1475.08
0.0277052	1418.7
0.027478	1362.32
0.0272508	1305.92
0.0270236	1249.52
0.0267964	1193.12
0.0265691	1136.71
0.0263419	1080.29
0.0261146	1023.86
0.0258873	967.432
0.0256599	910.994
0.0254326	854.549
0.0252052	798.098
0.0249778	741.64
0.0247504	685.175
0.024523	628.704
0.0242854	572.365
0.0240324	516.259
0.0237828	460.309
0.0235326	404.389
0.0232826	348.537
0.0230286	292.833
0.0227477	237.397
0.0224674	182.163
0.0221867	127.019
0.0218916	72.0448
0.0215715	17.5121
0.0212539	-36.7576
0.0209362	-90.918
0.0206035	-144.883
0.0202536	-198.408
0.0199042	-251.656
0.0195242	-304.275
0.0191448	-356.408
0.0187676	-408.12
0.0183816	-458.253
0.0179961	-507.184
0.0176045	-553.946
0.0172173	-598.194
0.0168205	-640.414
0.0164254	-679.662
0.0160145	-715.684
0.0155896	-748.976
0.0151349	-779.217
0.0146659	-802.229
0.0141766	-821.194
0.0136813	-838.996
0.0131792	-855.892
0.0126788	-871.828
0.0121799	-887.148
0.0116874	-901.838
0.0112016	-915.903
0.0107219	-929.459
0.0102491	-942.573
0.00978113	-955.295
0.00931395	-967.775
0.0088519	-979.906
0.00839463	-991.75
0.00794311	-1003.29
0.00749568	-1014.6
0.00705375	-1025.63
0.00661638	-1036.43
0.0061833	-1047.02
0.00575525	-1057.4
0.00533206	-1067.58
0.00491431	-1077.55
0.00450328	-1087.27
0.00409889	-1096.75
0.00370336	-1105.98
0.00332373	-1114.8
0.00298597	-1122.65
0.00265443	-1130.3
0.0023278	-1137.78
0.00200643	-1145.07
0.00168803	-1152.26
0.00137263	-1159.34
0.00105952	-1166.33
0.000748727	-1173.26
0.000441376	-1180.06
0.000136833	-1186.76
-0.000163489	-1193.31
-0.000461471	-1199.78
-0.00075728	-1206.19
-0.00105089	-1212.53
-0.00134215	-1218.8
-0.00163123	-1225
-0.00191826	-1231.15
-0.00220317	-1237.23
-0.00248589	-1243.25
-0.00276656	-1249.22
-0.00304516	-1255.13
-0.00332145	-1260.95
-0.00359585	-1266.73
-0.00386847	-1272.45
-0.00413934	-1278.13
-0.00440849	-1283.76
-0.00467588	-1289.34
-0.00494161	-1294.87
-0.00520576	-1300.36
-0.00546829	-1305.81
-0.00572929	-1311.22
-0.00598873	-1316.58
-0.00624676	-1321.89
-0.00650345	-1327.17
-0.00675881	-1332.42
-0.00701292	-1337.63
-0.00726581	-1342.82
-0.00751751	-1347.97
-0.00776806	-1353.09
-0.00801749	-1358.18
-0.00826586	-1363.24
-0.00851323	-1368.28
-0.00875962	-1373.28
-0.00900508	-1378.27
-0.00924965	-1383.23
-0.00949335	-1388.16
-0.00973623	-1393.07
-0.00997833	-1397.96
-0.0102197	-1402.82
-0.0104603	-1407.67
-0.0107002	-1412.5
-0.0109395	-1417.31
-0.0111781	-1422.11
-0.0114162	-1426.9
-0.0116536	-1431.66
-0.0118905	-1436.42
-0.0121268	-1441.16
-0.0123627	-1445.88
-0.012598	-1450.6
-0.012833	-1455.3
-0.0130674	-1459.98
-0.0133015	-1464.66
-0.0135352	-1469.33
-0.0137684	-1473.99
-0.0140013	-1478.63
-0.0142339	-1483.27
-0.0144661	-1487.9
-0.014698	-1492.53
-0.0149297	-1497.14
-0.0151611	-1501.74
-0.0153921	-1506.33
-0.0156229	-1510.91
-0.0158535	-1515.49
-0.0160838	-1520.07
-0.0163139	-1524.64
-0.0165438	-1529.2
-0.0167734	-1533.75
-0.0170028	-1538.31
-0.017232	-1542.86
-0.017461	-1547.4
-0.0176899	-1551.94
-0.0179185	-1556.47
-0.018147	-1561.01
-0.0183753	-1565.53
-0.0186035	-1570.06
-0.0188315	-1574.58
-0.0190594	-1579.09
-0.0192872	-1583.6
-0.0195148	-1588.11
-0.0197423	-1592.62
-0.0199696	-1597.12
-0.0201969	-1601.62
-0.020424	-1606.12
-0.020651	-1610.62
-0.0208779	-1615.11
-0.0211047	-1619.6
-0.0213314	-1624.09
-0.021558	-1628.58
-0.0217845	-1633.06
-0.0220109	-1637.55
-0.0222372	-1642.03
-0.0224634	-1646.51
-0.0226896	-1650.99
-0.0229156	-1655.46
-0.0231416	-1659.94
-0.0233675	-1664.41
-0.0235934	-1668.88
-0.0238192	-1673.35
-0.024045	-1677.82
-0.0242707	-1682.29
-0.0244963	-1686.75
-0.0247219	-1691.21
-0.0249474	-1695.68
-0.0251727	-1700.14
-0.025398	-1704.61
-0.0256232	-1709.07
-0.0258484	-1713.54
-0.0260736	-1718
-0.0262986	-1722.46
-0.0265237	-1726.92
-0.0267486	-1731.38
-0.0269736	-1735.84
-0.0271985	-1740.29
-0.0274233	-1744.75
-0.0276481	-1749.21
-0.0276091	-1739.48
-0.0273793	-1682.22
-0.0271495	-1624.96
-0.0269197	-1567.72
-0.0266899	-1510.48
-0.0264602	-1453.24
-0.0262305	-1396.02
-0.0260008	-1338.8
-0.0257711	-1281.58
-0.0255414	-1224.38
-0.0253118	-1167.18
-0.0250822	-1109.98
-0.0248525	-1052.8
-0.024623	-995.62
-0.0243934	-938.447
-0.0241638	-881.282
-0.0239343	-824.123
-0.0237048	-766.971
-0.0234753	-709.826
-0.0232458	-652.688
-0.0229972	-595.727
-0.0227385	-538.841
-0.0224818	-482.077
-0.022224	-425.343
-0.0219662	-368.667
-0.0217099	-312.07
-0.0214515	-255.51
-0.0211594	-199.203
-0.0208676	-143.046
-0.0205758	-86.9826
-0.0202844	-30.981
-0.0199673	24.6356
-0.0196373	79.9605
-0.0193069	135.161
-0.0189818	190.19
-0.0186388	244.994
-0.0182816	299.28
-0.0179364	352.854
-0.0175713	405.642
-0.0172137	457.235
-0.0168638	507.299
-0.0165	555.715
-0.0161399	601.821
-0.0157846	645.149
-0.0154172	685.832
-0.0150461	723.277
-0.0146623	757.464
-0.0142599	786.655
-0.0138591	808.523
-0.0134372	827.348
-0.0129844	844.796
-0.0125198	861.482
-0.0120499	877.447
-0.0115854	892.643
-0.0111235	907.244
-0.0106659	921.279
-0.0102088	934.878
-0.00975439	948.098
-0.00930202	960.987
-0.00885411	973.505
-0.00840779	985.689
-0.00796432	997.586
-0.00752285	1009.25
-0.00708549	1020.62
-0.00665098	1031.77
-0.00621877	1042.71
-0.00579007	1053.44
-0.00536383	1064
-0.00494194	1074.33
-0.00452413	1084.47
-0.00411102	1094.38
-0.0037032	1104.08
-0.003302	1113.55
-0.00291076	1122.73
-0.00256077	1130.91
-0.00222287	1138.76
-0.00188854	1146.46
-0.00156001	1153.95
-0.00123492	1161.32
-0.000912277	1168.6
-0.000591916	1175.78
-0.000273461	1182.9
4.28657E-005	1189.93
0.000355859	1196.83
0.000666476	1203.65
0.000973243	1210.31
0.00127782	1216.9
0.00158043	1223.42
0.00188094	1229.88
0.00217924	1236.28
0.00247548	1242.62
0.00276983	1248.89
0.00306234	1255.11
0.00335284	1261.27
0.00364145	1267.36
0.00392809	1273.4
0.00421283	1279.38
0.00449545	1285.28
0.00477638	1291.14
0.00505552	1296.94
0.00533301	1302.71
0.00560892	1308.43
0.00588326	1314.1
0.00615594	1319.72
0.00642714	1325.31
0.00669691	1330.85
0.00696526	1336.35
0.0072322	1341.81
0.00749768	1347.22
0.00776185	1352.6
0.00802476	1357.94
0.00828644	1363.25
0.00854696	1368.53
0.00880636	1373.78
0.00906464	1379
0.00932188	1384.19
0.00957812	1389.36
0.00983336	1394.49
0.0100877	1399.6
0.010341	1404.69
0.0105935	1409.75
0.0108452	1414.79
0.0110961	1419.8
0.0113462	1424.8
0.0115956	1429.77
0.0118442	1434.72
0.0120922	1439.65
0.0123395	1444.57
0.0125862	1449.46
0.0128323	1454.35
0.0130778	1459.21
0.0133227	1464.07
0.0135671	1468.91
0.013811	1473.73
0.0140544	1478.55
0.0142974	1483.35
0.0145399	1488.14
0.014782	1492.92
0.0150237	1497.68
0.0152651	1502.43
0.015506	1507.18
0.0157466	1511.91
0.0159868	1516.64
0.0162268	1521.35
0.0164664	1526.06
0.0167057	1530.76
0.0169447	1535.46
0.0171834	1540.14
0.0174219	1544.82
0.0176601	1549.48
0.0178981	1554.14
0.0181358	1558.79
0.0183733	1563.43
0.0186106	1568.07
0.0188476	1572.7
0.0190844	1577.33
0.0193211	1581.96
0.0195575	1586.58
0.0197938	1591.19
0.0200299	1595.8
0.0202658	1600.41
0.0205015	1605.01
0.0207371	1609.6
0.0209725	1614.2
0.0212078	1618.78
0.0214429	1623.37
0.0216779	1627.95
0.0219127	1632.53
0.0221474	1637.1
0.022382	1641.67
0.0226164	1646.24
0.0228507	1650.8
0.0230849	1655.36
0.023319	1659.92
0.023553	1664.47
0.0237868	1669.03
0.0240206	1673.58
0.0242542	1678.12
0.0244877	1682.67
0.0247211	1687.21
0.0249545	1691.75
0.0251877	1696.29
0.0254208	1700.82
0.0256539	1705.35
0.0258868	1709.88
0.0261197	1714.41
0.0263525	1718.93
0.0265853	1723.45
0.0268179	1727.97
0.0270505	1732.49
0.0272829	1737
0.0275153	1741.52
0.0277476	1746.03
0.0279798	1750.54
0.0282119	1755.05
0.028444	1759.56
0.028676	1764.06
0.0289079	1768.57
0.0291397	1773.07
0.0293715	1777.57
0.029333	1768
0.0291058	1711.64
0.0288787	1655.27
0.0286515	1598.9
0.0284243	1542.52
0.0281972	1486.13
0.0279699	1429.74
0.0277427	1373.34
0.0275154	1316.93
0.0272882	1260.52
0.0270609	1204.1
0.0268336	1147.68
0.0266062	1091.25
0.0263789	1034.81
0.0261515	978.361
0.0259241	921.909
0.0256967	865.451
0.0254693	808.985
0.0252418	752.513
0.0250144	696.035
0.0247869	639.55
0.0245493	583.195
0.0242963	527.076
0.0240467	471.112
0.0237965	415.18
0.0235465	359.315
0.0232923	303.602
0.0230113	248.152
0.022731	192.909
0.0224504	137.754
0.0221547	82.7754
0.0218346	28.2341
0.0215171	-26.0423
0.0211995	-80.2128
0.0208662	-134.181
0.0205163	-187.711
0.0201669	-240.967
0.0197864	-293.586
0.0194071	-345.727
0.01903	-397.453
0.0186437	-447.605
0.0182591	-496.574
0.017867	-543.469
0.0174785	-587.968
0.017085	-630.154
0.0166903	-669.596
0.0162836	-706.017
0.0158621	-739.668
0.0154154	-770.663
0.0149516	-795.526
0.0144734	-815.076
0.0139814	-833.107
0.0134869	-850.196
0.0129865	-866.456
0.0124887	-881.936
0.0119927	-896.871
0.0115041	-911.187
0.0110226	-924.89
0.0105449	-938.202
0.0100733	-951.114
0.00960582	-963.702
0.00914003	-975.996
0.00867683	-988.03
0.00821912	-999.774
0.00776637	-1011.25
0.00731815	-1022.48
0.00687442	-1033.46
0.00643536	-1044.22
0.00600033	-1054.79
0.0055689	-1065.19
0.00514201	-1075.4
0.00471977	-1085.42
0.00430294	-1095.22
0.00389189	-1104.82
0.00348688	-1114.22
0.00308951	-1123.4
0.00270309	-1132.29
0.00235544	-1140.29
0.00202294	-1147.91
0.00169468	-1155.39
0.00137257	-1162.65
0.00105376	-1169.8
0.00073774	-1176.85
0.000424592	-1183.81
0.000113908	-1190.68
-0.000194471	-1197.48
-0.000499749	-1204.17
-0.000802249	-1210.77
-0.00110095	-1217.24
-0.00139688	-1223.62
-0.00169053	-1229.93
-0.00198204	-1236.18
-0.00227137	-1242.37
-0.00255847	-1248.49
-0.00284348	-1254.56
-0.00312647	-1260.57
-0.00340744	-1266.52
-0.00368623	-1272.41
-0.00396311	-1278.24
-0.00423799	-1284.03
-0.00451077	-1289.75
-0.00478163	-1295.42
-0.00505072	-1301.03
-0.00531808	-1306.6
-0.00558378	-1312.12
-0.00584789	-1317.6
-0.00611044	-1323.04
-0.00637141	-1328.43
-0.00663092	-1333.79
-0.00688893	-1339.11
-0.00714554	-1344.39
-0.00740081	-1349.63
-0.00765471	-1354.83
-0.00790736	-1360
-0.00815881	-1365.13
-0.00840912	-1370.24
-0.00865833	-1375.31
-0.00890646	-1380.36
-0.00915352	-1385.38
-0.00939959	-1390.38
-0.00964472	-1395.35
-0.00988894	-1400.3
-0.0101323	-1405.22
-0.0103748	-1410.12
-0.0106165	-1415
-0.0108575	-1419.86
-0.0110977	-1424.7
-0.0113372	-1429.52
-0.011576	-1434.32
-0.0118142	-1439.09
-0.0120518	-1443.85
-0.0122888	-1448.6
-0.0125253	-1453.33
-0.0127612	-1458.05
-0.0129966	-1462.76
-0.0132315	-1467.45
-0.0134659	-1472.13
-0.0136998	-1476.8
-0.0139334	-1481.46
-0.0141665	-1486.12
-0.0143993	-1490.76
-0.0146316	-1495.39
-0.0148637	-1500
-0.0150954	-1504.61
-0.0153268	-1509.21
-0.0155578	-1513.81
-0.0157886	-1518.39
-0.0160191	-1522.97
-0.0162493	-1527.54
-0.0164793	-1532.11
-0.016709	-1536.66
-0.0169385	-1541.22
-0.0171678	-1545.76
-0.0173969	-1550.3
-0.0176258	-1554.83
-0.0178545	-1559.35
-0.018083	-1563.87
-0.0183113	-1568.38
-0.0185394	-1572.89
-0.0187674	-1577.4
-0.0189952	-1581.91
-0.0192228	-1586.41
-0.0194503	-1590.9
-0.0196776	-1595.4
-0.0199048	-1599.89
-0.0201318	-1604.37
-0.0203588	-1608.86
-0.0205856	-1613.34
-0.0208123	-1617.82
-0.0210388	-1622.29
-0.0212653	-1626.76
-0.0214917	-1631.23
-0.0217179	-1635.7
-0.0219441	-1640.17
-0.0221701	-1644.63
-0.0223961	-1649.09
-0.022622	-1653.55
-0.0228477	-1658.01
-0.0230734	-1662.47
-0.023299	-1666.92
-0.0235246	-1671.38
-0.02375	-1675.83
-0.0239754	-1680.28
-0.0242007	-1684.73
-0.0244259	-1689.18
-0.024651	-1693.62
-0.0248761	-1698.07
-0.0251012	-1702.51
-0.0253261	-1706.95
-0.0255511	-1711.39
-0.0257761	-1715.83
-0.0260009	-1720.27
-0.0262257	-1724.71
-0.0264504	-1729.15
-0.026675	-1733.59
-0.0268995	-1738.02
-0.027124	-1742.46
-0.0273484	-1746.9
-0.0275728	-1751.34
-0.0277972	-1755.77
-0.0277582	-1746.05
-0.0275284	-1688.79
-0.0272986	-1631.55
-0.0270689	-1574.31
-0.0268392	-1517.08
-0.0266095	-1459.85
-0.0263798	-1402.64
-0.0261501	-1345.43
-0.0259205	-1288.22
-0.0256909	-1231.02
-0.0254613	-1173.83
-0.0252317	-1116.65
-0.0250021	-1059.47
-0.0247726	-1002.3
-0.024543	-945.141
-0.0243135	-887.984
-0.024084	-830.835
-0.0238546	-773.692
-0.0236251	-716.556
-0.0233957	-659.427
-0.023147	-602.476
-0.0228883	-545.598
-0.0226317	-488.842
-0.0223739	-432.115
-0.0221161	-375.447
-0.0218597	-318.858
-0.0216017	-262.302
-0.0213096	-206.003
-0.0210178	-149.85
-0.020726	-93.7928
-0.0204346	-37.7967
-0.0201181	17.82
-0.019788	73.1406
-0.0194577	128.336
-0.0191327	183.361
-0.0187902	238.163
-0.018433	292.452
-0.0180879	345.967
-0.0177235	398.824
-0.017366	450.393
-0.0170164	500.467
-0.0166532	548.962
-0.0162933	595.117
-0.0159391	638.472
-0.0155721	679.355
-0.0152018	716.976
-0.0148202	751.397
-0.0144217	781.339
-0.0140198	804.099
-0.0136096	823.258
-0.0131597	840.827
-0.0127004	857.603
-0.0122329	873.677
-0.011768	889.025
-0.0113059	903.73
-0.0108472	917.902
-0.0103909	931.583
-0.00993537	944.895
-0.0094818	957.87
-0.00903044	970.534
-0.00858354	982.843
-0.00813771	994.845
-0.00769434	1006.6
-0.00725308	1018.11
-0.00681585	1029.35
-0.00638186	1040.37
-0.00594912	1051.23
-0.00551897	1061.91
-0.00509146	1072.41
-0.00466847	1082.7
-0.00424878	1092.8
-0.0038335	1102.7
-0.0034228	1112.41
-0.00301768	1121.92
-0.00262001	1131.2
-0.00224334	1139.95
-0.00190286	1147.83
-0.00156634	1155.56
-0.0012335	1163.14
-0.000906567	1170.52
-0.000582037	1177.81
-0.000260132	1185.01
5.92582E-005	1192.12
0.000376704	1199.15
0.000692123	1206.11
0.0010048	1212.97
0.00131481	1219.73
0.00162153	1226.37
0.0019252	1232.9
0.00222694	1239.37
0.00252675	1245.78
0.00282448	1252.13
0.00312004	1258.42
0.00341357	1264.65
0.00370523	1270.82
0.00399503	1276.94
0.00428288	1283
0.00456879	1289
0.00485292	1294.95
0.00513518	1300.84
0.00525182	1303.27
