0	0
2.28289E-006	0.567593
4.56577E-006	1.13518
7.99009E-006	1.98657
1.31266E-005	3.26365
2.08313E-005	5.17926
3.23883E-005	8.05266
4.97237E-005	12.3627
7.57266E-005	18.8277
0.00011473	28.5251
0.000173235	43.0708
0.000228279	56.7559
0.000359907	89.4812
0.000456538	113.505
0.000684778	170.248
0.000912998	226.983
0.0011412	283.712
0.00136938	340.435
0.00162498	396.834
0.00188333	452.903
0.00218429	508.325
0.0025396	562.968
0.00292923	616.673
0.00337873	668.544
0.00382432	715.197
0.0042533	751.415
0.00475863	775.506
0.00530474	784.579
0.00592212	791.564
0.00659369	798.204
0.00724954	804.544
0.00790574	810.658
0.00855809	816.558
0.0092048	822.246
0.00983121	827.556
0.0104586	832.743
0.0110836	837.784
0.011703	842.636
0.0123186	847.353
0.0129298	851.93
0.0135384	856.388
0.0141408	860.699
0.0147405	864.868
0.0153394	868.948
0.0159373	872.942
0.0165344	876.849
0.0171292	880.66
0.0177214	884.399
0.018313	888.069
0.0189027	891.658
0.0194879	895.151
0.0200666	898.544
0.0206135	901.642
0.0211244	904.437
0.0216116	907.014
0.0220676	909.405
0.0225049	911.686
0.0229083	913.796
0.0232986	915.828
0.0236891	917.846
0.0240801	919.848
0.024471	921.825
0.0248624	923.787
0.0252544	925.736
0.025647	927.671
0.0260403	929.594
0.0264343	931.505
0.0268292	933.403
0.0272249	935.29
0.0276215	937.162
0.028019	939.021
0.0284175	940.868
0.0288171	942.705
0.0292177	944.534
0.0296196	946.352
0.0300226	948.158
0.0304267	949.951
0.0308321	951.73
0.0312387	953.501
0.0316468	955.263
0.0320562	957.016
0.0324672	958.76
0.0328797	960.497
0.0332936	962.224
0.0337092	963.943
0.0341264	965.655
0.0345453	967.359
0.0349659	969.055
0.0353883	970.743
0.0358125	972.424
0.0362386	974.098
0.0366666	975.764
0.0370965	977.423
0.0375284	979.075
0.0379624	980.72
0.0383984	982.358
0.0388365	983.989
0.0392767	985.612
0.039719	987.226
0.0401635	988.834
0.0406103	990.435
0.0410593	992.031
0.0415107	993.62
0.0419646	995.203
0.0424208	996.779
0.0428795	998.35
0.0433408	999.915
0.0438046	1001.47
0.0442711	1003.03
0.0447402	1004.57
0.0452119	1006.12
0.0456865	1007.65
0.0454553	950.267
0.0452241	892.876
0.0449928	835.478
0.0447616	778.074
0.0445303	720.664
0.044299	663.247
0.0440678	605.823
0.0438364	548.394
0.0436051	490.957
0.0433737	433.515
0.0431424	376.066
0.042911	318.61
0.0426796	261.148
0.0424481	203.68
0.0422167	146.205
0.0419852	88.7234
0.0417537	31.2356
0.0415222	-26.2586
0.0412907	-83.7594
0.0410547	-141.173
0.0407881	-197.963
0.0405247	-254.616
0.040267	-311.127
0.0400069	-367.588
0.0396987	-423.298
0.0393963	-478.785
0.0390867	-533.898
0.0387129	-588.164
0.0383414	-642.292
0.0379589	-695.684
0.0375383	-748.412
0.0370567	-799.877
0.0365648	-850.4
0.0360515	-898.372
0.0355535	-940.688
0.0351796	-966.689
0.0349236	-977.846
0.0346342	-984.732
0.0342355	-990.417
0.0338111	-995.915
0.033359	-1000.56
0.032819	-1004.1
0.0322319	-1006.84
0.0317358	-1009.15
0.0313311	-1011.02
0.0309442	-1012.76
0.0305598	-1014.43
0.0301881	-1015.96
0.0298162	-1017.46
0.0294429	-1018.92
0.029068	-1020.36
0.0286928	-1021.77
0.0283178	-1023.13
0.0279443	-1024.45
0.0275725	-1025.7
0.0272005	-1026.94
0.0268274	-1028.15
0.0264535	-1029.35
0.0260787	-1030.54
0.0257036	-1031.7
0.025328	-1032.85
0.0249519	-1033.98
0.0245749	-1035.1
0.0241973	-1036.21
0.0238197	-1037.29
0.0234417	-1038.36
0.023063	-1039.42
0.0226838	-1040.48
0.0223039	-1041.53
0.0219235	-1042.56
0.0215428	-1043.58
0.0211616	-1044.6
0.0207798	-1045.61
0.0203975	-1046.61
0.0200146	-1047.6
0.0196318	-1048.58
0.0192486	-1049.55
0.018865	-1050.51
0.0184809	-1051.46
0.0180964	-1052.41
0.0177114	-1053.36
0.0173261	-1054.3
0.0169403	-1055.23
0.0165542	-1056.16
0.0161676	-1057.08
0.0157807	-1057.99
0.0153934	-1058.9
0.0150058	-1059.8
0.0146178	-1060.7
0.0142296	-1061.59
0.0138411	-1062.48
0.0134525	-1063.36
0.0130636	-1064.23
0.0126744	-1065.1
0.0122849	-1065.96
0.0118952	-1066.82
0.0115052	-1067.67
0.0111149	-1068.52
0.0107244	-1069.36
0.0103336	-1070.21
0.00994263	-1071.04
0.00955137	-1071.87
0.00915992	-1072.7
0.00876829	-1073.52
0.00837657	-1074.33
0.00798475	-1075.13
0.00759276	-1075.93
0.00720059	-1076.73
0.00680825	-1077.52
0.00641575	-1078.31
0.00602308	-1079.09
0.00563025	-1079.87
0.00523728	-1080.64
0.00484415	-1081.41
0.00445091	-1082.18
0.00405753	-1082.94
0.00366402	-1083.7
0.00327039	-1084.46
0.00287663	-1085.21
0.00248275	-1085.95
0.00208877	-1086.7
0.00169466	-1087.44
0.00130046	-1088.18
0.000906144	-1088.91
0.000511736	-1089.64
0.000117236	-1090.36
-0.000277351	-1091.08
-0.00067202	-1091.8
-0.00106676	-1092.51
-0.00146158	-1093.22
-0.00185646	-1093.93
-0.00225141	-1094.63
-0.00264641	-1095.32
-0.00304146	-1096.02
-0.00343651	-1096.71
-0.0038316	-1097.39
-0.0042267	-1098.07
-0.00462182	-1098.75
-0.00501696	-1099.42
-0.00541213	-1100.09
-0.0058073	-1100.76
-0.00620249	-1101.42
-0.00659768	-1102.08
-0.00699288	-1102.74
-0.00738807	-1103.4
-0.00778324	-1104.05
-0.00817841	-1104.7
-0.00857358	-1105.35
-0.00896874	-1105.99
-0.00936388	-1106.63
-0.00975901	-1107.26
-0.0101541	-1107.89
-0.0105492	-1108.52
-0.0109442	-1109.15
-0.0113392	-1109.77
-0.0117341	-1110.39
-0.012129	-1111
-0.0125239	-1111.61
-0.0129187	-1112.22
-0.0133134	-1112.82
-0.013708	-1113.42
-0.0141026	-1114.02
-0.0144971	-1114.62
-0.0148915	-1115.21
-0.0152859	-1115.79
-0.0156801	-1116.38
-0.0160742	-1116.96
-0.0164683	-1117.53
-0.0168622	-1118.11
-0.017256	-1118.68
-0.0176497	-1119.24
-0.0180433	-1119.81
-0.0184368	-1120.37
-0.0188301	-1120.92
-0.0192233	-1121.48
-0.0196163	-1122.03
-0.0200092	-1122.58
-0.020402	-1123.12
-0.0207946	-1123.66
-0.0211871	-1124.2
-0.0215794	-1124.74
-0.0219716	-1125.27
-0.0223636	-1125.8
-0.0227555	-1126.33
-0.0231472	-1126.86
-0.0235387	-1127.38
-0.02393	-1127.9
-0.0243212	-1128.41
-0.0247122	-1128.93
-0.025103	-1129.44
-0.0254936	-1129.95
-0.025884	-1130.45
-0.0262742	-1130.95
-0.0266643	-1131.45
-0.0270541	-1131.95
-0.0274438	-1132.44
-0.0278332	-1132.94
-0.0282224	-1133.43
-0.0286114	-1133.91
-0.0290003	-1134.4
-0.0287715	-1077.41
-0.0285427	-1020.43
-0.028314	-963.461
-0.0280853	-906.496
-0.0278566	-849.539
-0.027628	-792.588
-0.0273993	-735.645
-0.0271707	-678.708
-0.0269421	-621.778
-0.0267135	-564.856
-0.0264849	-507.94
-0.0262564	-451.031
-0.0260278	-394.129
-0.0257993	-337.234
-0.0255708	-280.345
-0.0253424	-223.464
-0.0251139	-166.589
-0.0248855	-109.722
-0.0246571	-52.8612
-0.0244284	3.99207
-0.024157	60.5937
-0.0238904	117.366
-0.0236256	173.977
-0.0233621	230.518
-0.0231012	286.992
-0.0228403	343.448
-0.0225215	399.702
-0.0221986	455.73
-0.0218794	511.68
-0.0215425	567.419
-0.0211399	622.503
-0.0207407	677.46
-0.0203436	732.329
-0.0198938	786.514
-0.01943	840.192
-0.0189114	892.516
-0.0184071	943.798
-0.0178924	992.429
-0.0174355	1036.6
-0.0170011	1074.58
-0.01667	1096.96
-0.0164347	1106.43
-0.016196	1112.29
-0.0158446	1116.38
-0.0153932	1120.52
-0.0148906	1124.52
-0.0142916	1128.06
-0.0135907	1131.05
-0.0127375	1133.47
-0.0118493	1135.85
-0.0109447	1138.04
-0.0100184	1140.12
-0.00906718	1142.12
-0.00809365	1144.04
-0.00709498	1145.9
-0.00606884	1147.71
-0.00501845	1149.48
-0.00394373	1151.19
-0.00284259	1152.87
-0.00172089	1154.5
-0.000580391	1156.08
0.000505415	1157.52
0.00151955	1158.8
0.00254344	1160.06
0.00359907	1161.31
0.00468294	1162.56
0.00580042	1163.81
0.0069557	1165.07
0.00814218	1166.31
0.00936247	1167.55
0.0106262	1168.79
0.0119367	1170.06
0.0132974	1171.33
0.0147117	1172.62
0.0161824	1173.92
0.0177144	1175.23
0.0193101	1176.55
0.0209714	1177.88
0.0227022	1179.22
0.0245004	1180.55
0.026357	1181.88
0.028272	1183.19
0.0302331	1184.49
0.0322453	1185.77
0.0342959	1187.02
0.0363868	1188.26
0.0385086	1189.48
0.0406572	1190.67
0.0428293	1191.83
0.0450224	1192.98
0.0472364	1194.11
0.0494689	1195.22
0.05172	1196.31
0.0539881	1197.38
0.0562726	1198.43
0.0585724	1199.47
0.0608873	1200.49
0.063216	1201.5
0.0655579	1202.49
0.0679124	1203.47
0.0702792	1204.43
0.072657	1205.37
0.0750461	1206.3
0.077446	1207.22
0.0798553	1208.13
0.0822744	1209.02
0.084702	1209.9
0.0871382	1210.76
0.0895818	1211.61
0.0920328	1212.45
0.0944902	1213.27
0.0969539	1214.08
0.0994235	1214.88
0.101898	1215.67
0.104378	1216.44
0.106862	1217.2
0.109351	1217.95
0.111843	1218.68
0.114339	1219.41
0.116837	1220.12
0.119339	1220.82
0.121843	1221.51
0.124349	1222.19
0.126858	1222.86
0.129368	1223.52
0.131879	1224.17
0.134392	1224.81
0.136905	1225.44
0.13942	1226.06
0.141935	1226.67
0.144451	1227.27
0.146967	1227.86
0.149482	1228.44
0.151998	1229.01
0.154513	1229.58
0.157028	1230.13
0.159542	1230.68
0.162055	1231.22
0.164568	1231.75
0.16708	1232.28
0.169591	1232.79
0.172101	1233.3
0.174609	1233.8
0.177116	1234.29
0.179622	1234.78
0.182126	1235.26
0.184629	1235.73
0.187129	1236.2
0.189628	1236.66
0.192125	1237.11
0.19462	1237.56
0.197112	1238
0.199602	1238.43
0.20209	1238.86
0.204576	1239.28
0.207059	1239.7
0.209539	1240.11
0.212017	1240.51
0.214492	1240.91
0.216964	1241.31
0.219433	1241.69
0.221899	1242.08
0.224362	1242.46
0.226822	1242.83
0.229279	1243.2
0.231733	1243.56
0.234183	1243.92
0.236631	1244.27
0.239076	1244.62
0.241518	1244.97
0.243957	1245.31
0.246394	1245.64
0.248829	1245.97
0.251262	1246.29
0.253692	1246.6
0.256121	1246.9
0.258548	1247.19
0.260974	1247.45
0.2634	1247.68
0.265828	1247.87
0.268258	1248
0.270692	1248.06
0.273131	1248.03
0.275578	1247.89
0.278031	1247.65
0.280491	1247.28
0.282957	1246.81
0.285429	1246.23
0.287904	1245.54
0.290382	1244.76
0.292862	1243.9
0.295344	1242.96
0.297826	1241.95
0.300307	1240.88
0.302788	1239.75
0.305267	1238.57
0.307745	1237.35
0.31022	1236.09
0.312692	1234.78
0.315162	1233.45
0.314838	1155.01
0.314515	1076.58
0.314192	998.153
0.313868	919.743
0.313545	841.345
0.313221	762.96
0.312898	684.589
0.312574	606.232
0.312251	527.89
0.311928	449.564
0.311604	371.254
0.311275	293.656
0.310937	217.561
0.310584	143.01
0.310222	69.7317
0.309841	-1.96872
0.309444	-71.8614
0.309031	-140.581
0.308596	-207.585
0.30813	-272.335
0.307644	-335.843
0.30712	-396.825
0.306574	-456.548
0.305989	-514.281
0.305364	-569.732
0.304709	-623.695
0.304002	-675.023
0.303256	-724.526
0.30247	-772.145
0.301627	-816.824
0.300737	-859.219
0.299799	-899.02
0.29881	-935.825
0.297773	-969.112
0.296687	-1000.96
0.295471	-1030.3
0.294218	-1058.18
0.292923	-1084.46
0.291503	-1108.93
0.290039	-1132.41
0.288527	-1154.64
0.286929	-1175.06
0.285247	-1193.35
0.28347	-1208.07
0.281669	-1217.94
0.27985	-1222.99
0.277967	-1225.93
0.276072	-1228.44
0.274166	-1230.65
0.272248	-1232.61
0.270332	-1234.38
0.268393	-1235.99
0.266444	-1237.5
0.264493	-1238.87
0.262535	-1240.14
0.260574	-1241.31
0.258614	-1242.38
0.256649	-1243.38
0.254688	-1244.3
0.252722	-1245.16
0.250752	-1245.96
0.24878	-1246.7
0.24681	-1247.37
0.244843	-1248
0.242875	-1248.59
0.240911	-1249.14
0.238942	-1249.66
0.236972	-1250.15
0.235001	-1250.6
0.233026	-1251.04
0.231051	-1251.44
0.229082	-1251.82
0.227122	-1252.17
0.225166	-1252.5
0.22321	-1252.81
0.221256	-1253.11
0.219301	-1253.39
0.217345	-1253.66
0.215392	-1253.91
0.213439	-1254.15
0.211487	-1254.38
0.209541	-1254.6
0.207599	-1254.81
0.205662	-1255
0.203735	-1255.18
0.201814	-1255.36
0.199899	-1255.52
0.197986	-1255.68
0.196074	-1255.84
0.194165	-1255.99
0.192258	-1256.13
0.190353	-1256.27
0.188451	-1256.41
0.186554	-1256.54
0.184663	-1256.67
0.182775	-1256.79
0.18089	-1256.9
0.179008	-1257.01
0.17713	-1257.12
0.175259	-1257.22
0.173399	-1257.31
0.171543	-1257.4
0.169688	-1257.49
0.167844	-1257.57
0.16601	-1257.64
0.164184	-1257.71
0.162365	-1257.77
0.160553	-1257.83
0.158749	-1257.89
0.15695	-1257.95
0.155156	-1258
0.153368	-1258.06
0.151585	-1258.11
0.14981	-1258.16
0.148041	-1258.2
0.146279	-1258.25
0.14452	-1258.29
0.142765	-1258.33
0.141018	-1258.37
0.139278	-1258.41
0.137544	-1258.44
0.135815	-1258.48
0.134092	-1258.51
0.132374	-1258.54
0.130659	-1258.58
0.128952	-1258.6
0.127257	-1258.63
0.12557	-1258.65
0.123893	-1258.67
0.122226	-1258.68
0.120564	-1258.7
0.118906	-1258.71
0.117253	-1258.72
0.115611	-1258.73
0.11398	-1258.74
0.112357	-1258.74
0.110743	-1258.75
0.109138	-1258.75
0.107552	-1258.74
0.10598	-1258.73
0.104466	-1258.72
0.103028	-1258.69
0.101632	-1258.66
0.100281	-1258.63
0.0989529	-1258.6
0.0976898	-1258.58
0.0964522	-1258.56
0.0952233	-1258.53
0.0939999	-1258.51
0.0927818	-1258.49
0.0915695	-1258.47
0.0903672	-1258.44
0.0891782	-1258.39
0.0879945	-1258.35
0.0868162	-1258.31
0.0856432	-1258.27
0.0844761	-1258.23
0.0833149	-1258.19
0.0821598	-1258.15
0.081012	-1258.11
0.07987	-1258.07
0.0787333	-1258.03
0.0776015	-1257.99
0.0764769	-1257.95
0.0753591	-1257.91
0.0742474	-1257.87
0.0731434	-1257.82
0.0720465	-1257.77
0.0709551	-1257.72
0.0698693	-1257.67
0.0687889	-1257.62
0.0677155	-1257.57
0.0666475	-1257.51
0.0655854	-1257.45
0.0645296	-1257.4
0.0634789	-1257.34
0.0624353	-1257.28
0.0613994	-1257.22
0.0603694	-1257.15
0.0593455	-1257.09
0.0583273	-1257.02
0.0573143	-1256.95
0.0563077	-1256.88
0.0553085	-1256.81
0.0543158	-1256.73
0.0533293	-1256.65
0.0523486	-1256.57
0.0513736	-1256.48
0.0504045	-1256.4
0.0494414	-1256.32
0.048484	-1256.24
0.047532	-1256.15
0.0465858	-1256.07
0.0456456	-1255.98
0.0447113	-1255.9
0.0437828	-1255.81
0.0428601	-1255.72
0.041943	-1255.63
0.0410317	-1255.54
0.040126	-1255.44
0.0403736	-1193.82
0.0406212	-1132.2
0.0408688	-1070.59
0.0411164	-1008.98
0.041364	-947.378
0.0416116	-885.779
0.0418591	-824.185
0.0421067	-762.596
0.0423542	-701.011
0.0426017	-639.432
0.0428492	-577.857
0.0430967	-516.287
0.0433442	-454.722
0.0435917	-393.161
0.0438392	-331.605
0.0440866	-270.054
0.0443381	-208.75
0.0446318	-147.391
0.0449301	-86.0398
0.0452321	-24.8313
0.045538	36.3392
0.0458471	97.4792
0.0462028	158.265
0.046569	218.824
0.0469376	279.332
0.0473256	339.552
0.0478003	399.075
0.0482886	458.476
0.0487786	517.619
0.0493435	575.898
0.0499409	633.849
0.0506373	690.573
0.0513738	746.864
0.0521814	802.182
0.0530785	856.315
0.0540833	908.874
0.0551804	960.073
0.0564208	1008.87
0.0577744	1055.53
0.0592716	1098.18
0.0608767	1135.49
0.0625696	1165.98
0.064469	1191.58
0.0662007	1212.11
0.0677928	1223.59
0.0693531	1231.76
0.0709697	1238.38
0.0726189	1243.49
0.0743123	1246.72
0.0760244	1248.61
0.078049	1249.28
0.0802781	1249.58
0.0827893	1249.57
0.0854067	1249.28
0.088164	1248.75
0.0910331	1247.95
0.0939701	1246.79
0.0969589	1245.61
0.0999817	1244.18
0.103035	1242.62
0.10611	1240.94
0.109202	1239.15
0.112308	1237.27
0.115419	1235.31
0.118536	1233.31
0.121654	1231.25
0.124773	1229.15
0.127886	1227.03
0.130995	1224.87
0.134097	1222.69
0.137191	1220.53
0.140275	1218.35
0.143349	1216.16
0.146413	1213.98
0.149465	1211.8
0.152506	1209.62
0.155535	1207.48
0.158552	1205.33
0.161557	1203.19
0.164549	1201.07
0.167528	1198.96
0.170495	1196.87
0.17345	1194.8
0.176392	1192.74
0.179322	1190.69
0.18224	1188.66
0.185145	1186.65
0.188038	1184.66
0.190918	1182.69
0.193786	1180.73
0.196642	1178.78
0.199486	1176.86
0.202318	1174.95
0.205138	1173.06
0.207945	1171.19
0.210741	1169.33
0.213526	1167.49
0.216298	1165.67
0.219059	1163.87
0.221808	1162.08
0.224545	1160.31
0.227271	1158.56
0.229985	1156.83
0.232689	1155.11
0.235382	1153.41
0.238064	1151.72
0.240735	1150.05
0.243396	1148.39
0.246046	1146.75
0.248686	1145.12
0.251316	1143.51
0.253936	1141.91
0.256545	1140.32
0.259145	1138.75
0.261734	1137.19
0.264315	1135.64
0.266885	1134.1
0.269447	1132.58
0.271999	1131.06
0.274543	1129.55
0.277077	1128.05
0.279603	1126.56
0.282119	1125.08
0.284627	1123.6
0.287126	1122.14
0.289615	1120.68
0.292096	1119.23
0.294569	1117.79
0.297033	1116.36
0.299488	1114.94
0.301935	1113.53
0.304374	1112.12
0.306804	1110.73
0.309227	1109.34
0.311641	1107.96
0.314047	1106.6
0.316446	1105.25
0.318836	1103.91
0.321219	1102.58
0.323594	1101.26
0.325961	1099.95
0.328321	1098.66
0.330673	1097.37
0.333017	1096.09
0.335354	1094.83
0.337683	1093.57
0.340005	1092.32
0.34232	1091.09
0.344627	1089.87
0.346927	1088.66
0.34922	1087.45
0.351506	1086.26
0.353785	1085.07
0.356058	1083.9
0.358324	1082.74
0.360583	1081.58
0.362836	1080.43
0.365083	1079.3
0.367323	1078.17
0.369557	1077.05
0.371786	1075.94
0.374008	1074.83
0.376225	1073.74
0.378435	1072.65
0.38064	1071.56
0.38284	1070.49
0.385033	1069.42
0.387221	1068.35
0.389403	1067.29
0.39158	1066.24
0.393752	1065.19
0.395919	1064.15
0.39808	1063.12
0.400236	1062.08
0.402387	1061.06
0.404534	1060.03
0.406675	1059.02
0.408811	1058
0.410942	1056.99
0.413069	1055.98
0.415191	1054.98
0.417308	1053.99
0.41942	1052.99
0.421528	1052
0.423631	1051.01
0.425729	1050.02
0.427822	1049.04
0.429911	1048.06
0.431995	1047.08
0.434074	1046.1
0.436149	1045.13
0.438219	1044.16
0.440283	1043.2
0.442344	1042.23
0.444399	1041.27
0.44645	1040.32
0.448496	1039.36
0.450537	1038.41
0.452574	1037.46
0.454606	1036.51
0.454244	945.802
0.453882	855.099
0.453519	764.408
0.453157	673.727
0.452795	583.057
0.452433	492.398
0.452071	401.75
0.451709	311.112
0.451337	223.001
0.450952	137.813
0.450551	55.5516
0.450133	-23.923
0.449693	-100.182
0.449228	-173.139
0.448733	-242.345
0.448207	-307.82
0.447645	-369.128
0.447046	-426.328
0.446406	-478.904
0.445727	-526.857
0.445002	-569.137
0.444237	-606.827
0.443376	-641.048
0.44248	-673.242
0.441511	-702.79
0.440516	-730.99
0.439457	-757.294
0.438352	-782.259
0.437181	-805.384
0.43597	-827.458
0.434724	-848.67
0.433418	-868.363
0.43208	-887.364
0.43069	-905.164
0.429252	-921.848
0.427786	-937.871
0.426286	-953.153
0.424726	-967.087
0.423139	-980.375
0.421522	-992.873
0.419838	-1003.72
0.418129	-1013.32
0.416391	-1021.04
0.414614	-1026.31
0.4128	-1030.25
0.410962	-1033.52
0.409117	-1036.45
0.407265	-1039.13
0.405406	-1041.5
0.403531	-1043.58
0.40164	-1045.5
0.399742	-1047.34
0.397839	-1049.07
0.395931	-1050.72
0.39401	-1052.2
0.392077	-1053.61
0.390136	-1054.99
0.388187	-1056.35
0.386231	-1057.68
0.38427	-1059
0.382301	-1060.29
0.380329	-1061.57
0.37835	-1062.84
0.376366	-1064.1
0.374375	-1065.35
0.372378	-1066.59
0.370375	-1067.8
0.368366	-1068.96
0.366352	-1070.13
0.364332	-1071.3
0.362306	-1072.47
0.360274	-1073.64
0.358236	-1074.81
0.356194	-1075.98
0.354146	-1077.15
0.352092	-1078.32
0.350033	-1079.48
0.347968	-1080.65
0.345898	-1081.81
0.343822	-1082.99
0.341742	-1084.16
0.339656	-1085.34
0.337565	-1086.53
0.335468	-1087.73
0.333366	-1088.93
0.331259	-1090.17
0.329146	-1091.46
0.327028	-1092.76
0.324903	-1094.07
0.322772	-1095.39
0.320636	-1096.72
0.318494	-1098.08
0.316347	-1099.43
0.314194	-1100.8
0.312036	-1102.18
0.309874	-1103.57
0.307704	-1104.97
0.305528	-1106.38
0.303347	-1107.8
0.301161	-1109.23
0.29897	-1110.68
0.296772	-1112.14
0.29457	-1113.74
0.292361	-1115.47
0.290146	-1117.22
0.287925	-1118.98
0.2857	-1120.75
0.283469	-1122.55
0.281232	-1124.36
0.278987	-1126.19
0.276736	-1128.04
0.274479	-1129.91
0.272216	-1131.78
0.269948	-1133.62
0.267675	-1135.48
0.265396	-1137.28
0.263111	-1139.1
0.260819	-1140.93
0.258521	-1142.76
0.256216	-1144.61
0.253906	-1146.47
0.25159	-1148.35
0.249266	-1150.21
0.246937	-1152.06
0.2446	-1153.91
0.242257	-1155.78
0.239908	-1157.65
0.237553	-1159.52
0.235192	-1161.36
0.232823	-1163.21
0.230451	-1165.06
0.228072	-1166.92
0.225686	-1168.8
0.223295	-1170.69
0.220899	-1172.58
0.218496	-1174.46
0.216085	-1176.36
0.213674	-1178.25
0.211256	-1180.16
0.208829	-1182.06
0.206392	-1183.96
0.203948	-1185.88
0.2015	-1187.8
0.199046	-1189.74
0.196588	-1191.69
0.194125	-1193.65
0.191663	-1195.59
0.189196	-1197.56
0.186723	-1199.53
0.184244	-1201.52
0.181759	-1203.51
0.17927	-1205.5
0.176773	-1207.5
0.17427	-1209.51
0.171762	-1211.54
0.169251	-1213.58
0.166734	-1215.63
0.164207	-1217.69
0.161679	-1219.76
0.159151	-1221.84
0.156631	-1223.91
0.154106	-1226
0.151577	-1228.09
0.149043	-1230.18
0.14651	-1232.29
0.143982	-1234.39
0.141455	-1236.49
0.138934	-1238.6
0.136408	-1240.72
0.133884	-1242.83
0.131366	-1244.95
0.128861	-1247.06
0.126371	-1249.17
0.123895	-1251.2
0.12143	-1253.23
0.118977	-1255.24
0.116544	-1257.19
0.114119	-1259.1
0.111711	-1260.96
0.109322	-1262.77
0.106947	-1264.54
0.104596	-1266.24
0.102269	-1267.86
0.0999681	-1269.38
0.0976928	-1270.82
0.0954388	-1272.18
0.0932128	-1273.45
0.0910192	-1274.63
0.0888624	-1275.73
0.0867537	-1276.7
0.0846859	-1277.59
0.0826626	-1278.37
0.0806845	-1279.07
0.0787645	-1279.68
0.0768808	-1280.21
0.0750623	-1280.66
0.073303	-1281.03
0.071592	-1281.33
0.0699347	-1281.57
0.0683119	-1281.76
0.0685671	-1218.28
0.0688223	-1154.81
0.0690775	-1091.34
0.0693326	-1027.88
0.0695878	-964.416
0.0698429	-900.96
0.070098	-837.508
0.0703532	-774.059
0.0706083	-710.615
0.0708634	-647.175
0.0711185	-583.738
0.0713736	-520.306
0.0716287	-456.877
0.0718838	-393.452
0.0721388	-330.031
0.0723939	-266.614
0.0726812	-203.486
0.0729853	-140.309
0.0732938	-77.2057
0.0736065	-14.1584
0.0739227	48.8546
0.0742636	111.639
0.0746447	174.117
0.0750307	236.557
0.0754244	298.881
0.0758918	360.328
0.076386	421.581
0.0768895	482.616
0.0774506	542.936
0.0780664	602.654
0.0787592	661.356
0.0795069	719.219
0.0803256	776.151
0.0812511	831.44
0.0822715	885.389
0.0834174	937.125
0.0846932	986.431
0.0861263	1032.3
0.0877332	1073.1
0.0895536	1108.14
0.0916046	1139.24
0.0938872	1166.79
0.0964006	1190.7
0.0991507	1211.77
0.102026	1227.3
0.104735	1235.33
0.107483	1240.64
0.110379	1244.09
0.113404	1245.9
0.116577	1246.29
0.119977	1245.21
0.123488	1243.25
0.127014	1240.99
0.130544	1238.53
0.134074	1235.98
0.137597	1233.36
0.141123	1230.66
0.144639	1227.92
0.148145	1225.23
0.151648	1222.39
0.155145	1219.75
0.158634	1216.94
0.162114	1214.25
0.16558	1211.48
0.169032	1208.78
0.172467	1206.07
0.175884	1203.38
0.179286	1200.67
0.182675	1197.99
0.186049	1195.31
0.189406	1192.64
0.192745	1190
0.196065	1187.38
0.199368	1184.79
0.202658	1182.23
0.205932	1179.69
0.209191	1177.19
0.212433	1174.71
0.215659	1172.27
0.218869	1169.86
0.222063	1167.48
0.22524	1165.12
0.228402	1162.79
0.231548	1160.49
0.234678	1158.21
0.237793	1155.96
0.240893	1153.73
0.243977	1151.53
0.247047	1149.35
0.250101	1147.19
0.25314	1145.05
0.256164	1142.94
0.259174	1140.85
0.262169	1138.77
0.26515	1136.72
0.268117	1134.69
0.271069	1132.67
0.274008	1130.68
0.276933	1128.7
0.279844	1126.74
0.282742	1124.79
0.285627	1122.87
0.288499	1120.96
0.291357	1119.06
0.294202	1117.18
0.297033	1115.32
0.299852	1113.47
0.302658	1111.64
0.305451	1109.82
0.308232	1108.02
0.311	1106.23
0.313756	1104.45
0.316501	1102.69
0.319233	1100.95
0.321953	1099.21
0.324661	1097.49
0.327359	1095.79
0.330044	1094.09
0.332718	1092.41
0.335381	1090.74
0.338032	1089.09
0.340673	1087.44
0.343303	1085.81
0.345921	1084.19
0.34853	1082.58
0.351127	1080.98
0.353715	1079.39
0.356292	1077.81
0.358859	1076.24
0.361416	1074.69
0.363962	1073.14
0.366499	1071.6
0.369025	1070.07
0.371541	1068.55
0.374048	1067.04
0.376545	1065.54
0.379032	1064.02
0.381508	1062.56
0.383976	1061.09
0.386433	1059.62
0.388881	1058.16
0.391319	1056.71
0.393748	1055.27
0.396167	1053.83
0.398576	1052.4
0.400977	1050.98
0.403368	1049.57
0.40575	1048.17
0.408123	1046.77
0.410487	1045.38
0.412842	1044
0.415187	1042.62
0.417523	1041.25
0.41985	1039.89
0.422168	1038.53
0.424476	1037.18
0.426776	1035.83
0.429067	1034.49
0.431349	1033.16
0.433622	1031.84
0.435886	1030.52
0.438142	1029.2
0.44039	1027.89
0.442628	1026.59
0.444859	1025.29
0.447081	1024
0.449295	1022.71
0.4515	1021.43
0.453698	1020.15
0.455887	1018.88
0.458067	1017.6
0.46024	1016.35
0.462403	1015.09
0.464557	1013.83
0.466702	1012.59
0.468838	1011.35
0.470965	1010.12
0.473084	1008.89
0.475193	1007.67
0.477294	1006.46
0.479386	1005.25
0.481469	1004.06
0.483543	1002.87
0.485609	1001.68
0.487667	1000.51
0.489716	999.339
0.491757	998.178
0.49379	997.024
0.495815	995.877
0.497831	994.736
0.49984	993.602
0.501841	992.474
0.503834	991.353
0.505819	990.238
0.507797	989.129
0.509767	988.025
0.511729	986.926
0.513684	985.833
0.515632	984.745
0.517573	983.662
0.517188	887.237
0.516803	790.828
0.516418	694.434
0.516033	598.055
0.515648	501.69
0.515263	405.341
0.514879	309.007
0.514493	213.004
0.514096	120.172
0.513684	30.2608
0.513255	-56.3121
0.512805	-139.623
0.51233	-219.13
0.511827	-294.702
0.51129	-365.85
0.510713	-432.354
0.510099	-494.028
0.509442	-550.158
0.508734	-599.865
0.507984	-643.396
0.507142	-682.242
0.506237	-718.148
0.50526	-750.93
0.504207	-780.74
0.503076	-807.492
0.50187	-831.427
0.500592	-852.711
0.49925	-871.787
0.497853	-889
0.496395	-904.232
0.494893	-918.034
0.49336	-930.904
0.491772	-942.129
0.49015	-952.392
0.488505	-961.887
0.486809	-969.878
0.485063	-976.347
0.483282	-981.789
0.481461	-985.848
0.479611	-988.886
0.477742	-991.371
0.475857	-993.571
0.47396	-995.57
0.472052	-997.387
0.470135	-999.059
0.46821	-1000.61
0.466276	-1002.09
0.464331	-1003.52
0.462378	-1004.91
0.460416	-1006.26
0.458447	-1007.59
0.45647	-1008.9
0.454485	-1010.19
0.452493	-1011.47
0.450494	-1012.73
0.448488	-1013.99
0.446474	-1015.23
0.444454	-1016.47
0.442428	-1017.7
0.440394	-1018.94
0.438353	-1020.18
0.436305	-1021.43
0.43425	-1022.68
0.432187	-1023.93
0.430116	-1025.19
0.428039	-1026.46
0.425953	-1027.73
0.42386	-1029
0.42176	-1030.29
0.419652	-1031.58
0.417536	-1032.87
0.415413	-1034.18
0.413284	-1035.49
0.411147	-1036.8
0.409004	-1038.13
0.406855	-1039.45
0.4047	-1040.78
0.402538	-1042.11
0.40037	-1043.44
0.398194	-1044.78
0.396012	-1046.13
0.393822	-1047.49
0.391625	-1048.86
0.38942	-1050.23
0.387207	-1051.62
0.384986	-1053.01
0.382758	-1054.42
0.380521	-1055.83
0.378277	-1057.25
0.376025	-1058.67
0.373765	-1060.11
0.371497	-1061.56
0.36922	-1063.01
0.366935	-1064.48
0.364643	-1065.96
0.362343	-1067.44
0.360037	-1068.94
0.357726	-1070.43
0.355407	-1071.93
0.353079	-1073.45
0.350744	-1074.97
0.3484	-1076.51
0.346047	-1078.05
0.343688	-1079.61
0.341321	-1081.18
0.338946	-1082.76
0.336563	-1084.35
0.334171	-1085.94
0.33177	-1087.55
0.329361	-1089.18
0.326942	-1090.81
0.324515	-1092.46
0.322078	-1094.11
0.319634	-1095.79
0.317182	-1097.47
0.314723	-1099.16
0.312255	-1100.86
0.309779	-1102.58
0.307293	-1104.31
0.304799	-1106.05
0.302295	-1107.81
0.299784	-1109.59
0.297266	-1111.36
0.29474	-1113.15
0.292204	-1114.95
0.28966	-1116.75
0.287106	-1118.56
0.284544	-1120.37
0.281974	-1122.2
0.279393	-1124.05
0.276802	-1125.91
0.274201	-1127.79
0.271593	-1129.68
0.268975	-1131.58
0.266348	-1133.5
0.263712	-1135.43
0.261068	-1137.38
0.258415	-1139.34
0.255754	-1141.31
0.253084	-1143.29
0.250405	-1145.3
0.247715	-1147.31
0.245013	-1149.35
0.2423	-1151.39
0.239577	-1153.4
0.236844	-1155.44
0.234101	-1157.49
0.231352	-1159.55
0.228596	-1161.63
0.225828	-1163.73
0.223052	-1165.85
0.220265	-1167.99
0.217465	-1170.15
0.214657	-1172.32
0.211837	-1174.51
0.209008	-1176.72
0.206173	-1178.94
0.203328	-1181.18
0.200472	-1183.42
0.197606	-1185.69
0.194728	-1187.98
0.191837	-1190.3
0.188936	-1192.65
0.186027	-1195.02
0.183115	-1197.5
0.180199	-1200.03
0.17727	-1202.59
0.17433	-1205.45
0.17138	-1208.41
0.16842	-1211.43
0.16545	-1214.48
0.162474	-1217.58
0.159491	-1220.62
0.1565	-1223.65
0.153495	-1226.71
0.150484	-1229.72
0.147469	-1232.74
0.144452	-1235.77
0.14143	-1238.75
0.138399	-1241.75
0.135364	-1244.72
0.132319	-1247.71
0.129271	-1250.7
0.126214	-1253.64
0.123156	-1256.57
0.120095	-1259.5
0.11703	-1262.4
0.113977	-1265.22
0.110927	-1267.98
0.107875	-1270.7
0.104829	-1273.35
0.101799	-1275.95
0.0987882	-1278.43
0.0957966	-1280.65
0.0928319	-1282.79
0.0899095	-1284.63
0.0870611	-1286.2
0.0843288	-1287.5
0.081752	-1288.53
0.0793628	-1289.29
0.0796208	-1225.13
0.0798788	-1160.97
0.0801368	-1096.82
0.0803948	-1032.67
0.0806528	-968.518
0.0809107	-904.375
0.0811687	-840.236
0.0814267	-776.1
0.0816846	-711.968
0.0819426	-647.84
0.0822005	-583.715
0.0824584	-519.594
0.0827164	-455.477
0.0829743	-391.363
0.0832322	-327.253
0.083491	-263.155
0.0837857	-199.362
0.0840931	-135.47
0.0844048	-71.6843
0.0847207	-7.95507
0.0850401	55.741
0.0853907	119.138
0.0857751	182.323
0.0861642	245.478
0.0865702	308.419
0.0870398	370.618
0.0875385	432.535
0.088054	494.217
0.088626	555.213
0.0892639	615.337
0.0899691	674.636
0.0907424	732.921
0.0916018	790.01
0.092562	845.539
0.0936433	899.065
0.0948619	950.115
0.0962314	997.96
0.0977674	1041.33
0.0995121	1078.8
0.101493	1112.31
0.103709	1142.26
0.106164	1168.54
0.108864	1191.24
0.111827	1210.36
0.115068	1226.24
0.118469	1236.25
0.121793	1241.45
0.125221	1244.57
0.12876	1245.7
0.132479	1244.98
0.13635	1242.84
0.140279	1239.84
0.144215	1236.58
0.148141	1233.21
0.152063	1229.81
0.155985	1226.43
0.159897	1223.07
0.163797	1219.73
0.167682	1216.42
0.17155	1213.14
0.175399	1209.88
0.179229	1206.65
0.183036	1203.45
0.186822	1200.27
0.190586	1197.12
0.194326	1194.01
0.198044	1190.91
0.201738	1187.86
0.205407	1184.84
0.209052	1181.84
0.212673	1178.88
0.21627	1175.94
0.219844	1173.04
0.223394	1170.17
0.226919	1167.33
0.230422	1164.52
0.2339	1161.74
0.237356	1158.99
0.240789	1156.26
0.244199	1153.57
0.247586	1150.9
0.250952	1148.26
0.254296	1145.64
0.257618	1143.05
0.260919	1140.49
0.264198	1137.96
0.267455	1135.45
0.270692	1132.96
0.273908	1130.5
0.277103	1128.06
0.280279	1125.64
0.283434	1123.25
0.28657	1120.88
0.289686	1118.53
0.292783	1116.21
0.29586	1113.91
0.298919	1111.63
0.301958	1109.37
0.304979	1107.13
0.307981	1104.91
0.310965	1102.71
0.313932	1100.53
0.31688	1098.37
0.319811	1096.23
0.322725	1094.1
0.325622	1092
0.328502	1089.91
0.331365	1087.85
0.334211	1085.8
0.33704	1083.76
0.339851	1081.75
0.342646	1079.75
0.345424	1077.77
0.348185	1075.82
0.35093	1073.86
0.353658	1071.95
0.35637	1070.05
0.359066	1068.16
0.361747	1066.29
0.364411	1064.45
0.367061	1062.61
0.369696	1060.8
0.372315	1059
0.37492	1057.22
0.377511	1055.45
0.380087	1053.7
0.38265	1051.97
0.385198	1050.25
0.387733	1048.55
0.390254	1046.86
0.392762	1045.18
0.395257	1043.52
0.397739	1041.87
0.400208	1040.23
0.402665	1038.61
0.405109	1036.99
0.407541	1035.39
0.409961	1033.8
0.412369	1032.21
0.414765	1030.64
0.417149	1029.07
0.419523	1027.52
0.421884	1025.97
0.424235	1024.43
0.426575	1022.89
0.428904	1021.36
0.431222	1019.84
0.43353	1018.32
0.435827	1016.8
0.438114	1015.27
0.44039	1013.78
0.442655	1012.26
0.444909	1010.79
0.447151	1009.32
0.449382	1007.86
0.451602	1006.41
0.453811	1004.98
0.456009	1003.56
0.458196	1002.15
0.460373	1000.76
0.462539	999.375
0.464695	998.006
0.466841	996.649
0.468976	995.304
0.471101	993.971
0.473217	992.65
0.475322	991.34
0.477418	990.042
0.479504	988.755
0.48158	987.479
0.483647	986.214
0.485705	984.96
0.487753	983.717
0.489792	982.484
0.491822	981.262
0.493843	980.049
0.495855	978.847
0.497858	977.655
0.499852	976.473
0.501838	975.301
0.503815	974.138
0.505783	972.985
0.507743	971.841
0.509695	970.706
0.511638	969.581
0.513573	968.464
0.5155	967.356
0.517419	966.257
0.51933	965.167
0.521233	964.085
0.523128	963.012
0.525015	961.947
0.526895	960.891
0.528767	959.842
0.530631	958.802
0.532488	957.769
0.534338	956.744
0.53618	955.728
0.538015	954.718
0.539842	953.717
0.539448	855.078
0.539054	756.457
0.538661	657.853
0.538267	559.266
0.537874	460.696
0.53748	362.143
0.537087	263.607
0.536692	165.541
0.536285	70.6474
0.535864	-21.1722
0.535425	-109.692
0.534964	-194.677
0.534477	-275.87
0.533959	-352.735
0.533408	-425.213
0.532817	-492.733
0.532185	-555.104
0.531505	-611.211
0.530779	-660.907
0.529985	-703.688
0.52911	-742.86
0.528147	-778.377
0.527098	-810.167
0.525947	-837.737
0.524703	-861.036
0.523373	-881.004
0.521965	-897.751
0.520491	-912.042
0.518951	-923.567
0.517357	-933.212
0.515718	-941.19
0.514042	-947.785
0.512334	-953.221
0.510598	-957.576
0.508834	-960.941
0.507045	-963.361
0.50524	-965.354
0.503422	-967.074
0.501593	-968.595
0.499753	-969.976
0.497905	-971.257
0.496048	-972.473
0.494184	-973.642
0.492312	-974.781
0.490433	-975.898
0.488546	-977.011
0.486653	-978.125
0.484752	-979.242
0.482844	-980.363
0.480929	-981.49
0.479007	-982.622
0.477078	-983.762
0.475141	-984.91
0.473198	-986.066
0.471247	-987.229
0.469288	-988.402
0.467323	-989.582
0.46535	-990.772
0.46337	-991.97
0.461382	-993.177
0.459388	-994.39
0.457385	-995.613
0.455375	-996.844
0.453358	-998.085
0.451333	-999.335
0.4493	-1000.59
0.447259	-1001.86
0.445211	-1003.14
0.443155	-1004.42
0.441092	-1005.71
0.43902	-1007.01
0.43694	-1008.32
0.434852	-1009.65
0.432756	-1010.98
0.430652	-1012.32
0.428539	-1013.67
0.426418	-1015.03
0.424289	-1016.4
0.422151	-1017.78
0.420005	-1019.17
0.41785	-1020.57
0.415687	-1021.98
0.413515	-1023.4
0.411334	-1024.83
0.409144	-1026.27
0.406946	-1027.72
0.404738	-1029.18
0.402521	-1030.65
0.400296	-1032.14
0.398061	-1033.63
0.395817	-1035.13
0.393564	-1036.65
0.391302	-1038.17
0.38903	-1039.71
0.38675	-1041.25
0.384461	-1042.81
0.382163	-1044.37
0.379855	-1045.94
0.377537	-1047.53
0.37521	-1049.12
0.372873	-1050.73
0.370526	-1052.35
0.368169	-1053.98
0.365802	-1055.62
0.363425	-1057.28
0.361037	-1058.95
0.358639	-1060.62
0.356232	-1062.32
0.353813	-1064.02
0.351385	-1065.73
0.348946	-1067.46
0.346496	-1069.21
0.344037	-1070.96
0.341567	-1072.71
0.339085	-1074.49
0.336593	-1076.27
0.33409	-1078.08
0.331577	-1079.89
0.329054	-1081.71
0.326521	-1083.55
0.323975	-1085.4
0.321418	-1087.27
0.318851	-1089.15
0.316272	-1091.05
0.313682	-1092.96
0.31108	-1094.89
0.308467	-1096.83
0.305842	-1098.79
0.303205	-1100.77
0.300555	-1102.77
0.297893	-1104.78
0.295219	-1106.82
0.292533	-1108.87
0.289834	-1110.93
0.287122	-1113.02
0.284398	-1115.13
0.281661	-1117.25
0.278911	-1119.39
0.276149	-1121.56
0.273374	-1123.73
0.270587	-1125.93
0.267788	-1128.14
0.264976	-1130.37
0.262153	-1132.62
0.259319	-1134.89
0.256472	-1137.18
0.253611	-1139.49
0.250737	-1141.83
0.247848	-1144.19
0.244946	-1146.57
0.24203	-1148.98
0.239099	-1151.42
0.236154	-1153.88
0.233195	-1156.36
0.230221	-1158.87
0.227233	-1161.41
0.224232	-1163.97
0.221219	-1166.55
0.218193	-1169.15
0.215155	-1171.78
0.212103	-1174.44
0.209038	-1177.12
0.20596	-1179.84
0.202865	-1182.58
0.199755	-1185.36
0.196631	-1188.17
0.193492	-1191.02
0.190338	-1193.89
0.187168	-1196.79
0.183986	-1199.73
0.180789	-1202.69
0.177581	-1205.68
0.174363	-1208.68
0.171131	-1211.7
0.167885	-1214.77
0.164625	-1217.87
0.16135	-1221.01
0.15806	-1224.19
0.154762	-1227.39
0.15145	-1230.6
0.148128	-1233.79
0.144793	-1236.97
0.141445	-1240.18
0.138087	-1243.41
0.134717	-1246.66
0.13134	-1249.91
0.12795	-1253.16
0.124551	-1256.41
0.121148	-1259.59
0.117736	-1262.82
0.114323	-1266.46
0.110903	-1270.06
0.10749	-1273.54
0.104084	-1276.87
0.100681	-1280.11
0.0972943	-1283.41
0.0939353	-1286.43
0.0906334	-1289.15
0.0874564	-1291.33
0.0845011	-1292.96
0.0845659	-1276.84
0.0846632	-1252.66
0.0847604	-1228.48
0.0850198	-1164.01
0.0852791	-1099.54
0.0855384	-1035.07
0.0857977	-970.608
0.0860571	-906.149
0.0863163	-841.694
0.0865756	-777.243
0.086835	-712.795
0.0870942	-648.35
0.0873535	-583.909
0.0876128	-519.472
0.0878721	-455.038
0.0881313	-390.607
0.0883906	-326.18
0.0886514	-261.777
0.0889507	-197.692
0.0892596	-133.451
0.0895726	-69.3309
0.08989	-5.25578
0.0902111	58.785
0.0905701	122.457
0.0909557	185.963
0.091346	249.428
0.0917619	312.572
0.0922324	375.147
0.0927309	437.349
0.0932549	499.289
0.0938271	560.568
0.0944812	620.915
0.0951837	680.526
0.0959708	739.065
0.0968456	796.173
0.0978208	851.891
0.0989207	905.443
0.10015	956.484
0.101545	1004.15
0.103111	1046.61
0.104911	1083.78
0.106938	1117.5
0.109202	1147.25
0.111708	1173.06
0.114474	1195.15
0.117524	1213.53
0.120885	1228.38
0.124522	1238.95
0.128257	1244.76
0.132018	1247.29
0.135955	1247.8
0.140054	1246.39
0.144323	1243.26
0.148618	1239.58
0.152905	1235.73
0.157174	1231.82
0.161421	1227.9
0.16564	1223.99
0.16983	1220.1
0.173988	1216.25
0.178112	1212.45
0.1822	1208.68
0.186251	1204.96
0.190267	1201.3
0.194248	1197.68
0.198193	1194.11
0.202103	1190.58
0.205978	1187.1
0.209818	1183.66
0.213625	1180.27
0.2174	1176.92
0.221142	1173.62
0.224852	1170.36
0.228531	1167.14
0.232179	1163.96
0.235796	1160.82
0.239384	1157.73
0.242942	1154.67
0.246471	1151.64
0.249972	1148.66
0.253445	1145.7
0.25689	1142.8
0.260308	1139.93
0.2637	1137.09
0.267064	1134.28
0.270402	1131.51
0.273714	1128.77
0.277	1126.06
0.280261	1123.39
0.283497	1120.75
0.286708	1118.15
0.289896	1115.57
0.29306	1113.02
0.296202	1110.51
0.299321	1108.02
0.302418	1105.56
0.305493	1103.12
0.308547	1100.71
0.31158	1098.33
0.314592	1095.97
0.317585	1093.63
0.320558	1091.31
