0	0
2.28289E-006	0.567593
4.56577E-006	1.13518
7.99009E-006	1.98657
1.31266E-005	3.26365
2.08313E-005	5.17926
3.23883E-005	8.05266
4.97236E-005	12.3627
7.57266E-005	18.8278
0.00011473	28.5251
0.000173235	43.0708
0.00026099	64.8885
0.000392616	97.6132
0.000590044	146.696
0.000818272	203.435
0.00104648	260.166
0.00127467	316.892
0.00151294	373.516
0.00176995	429.715
0.00204264	485.575
0.00234505	540.866
0.00267492	595.375
0.00304668	648.807
0.00342415	699.723
0.00379356	743.837
0.00417881	778.311
0.00462083	798.838
0.00512203	812.139
0.00565656	824.715
0.00618119	836.363
0.00669489	847.368
0.00720117	857.861
0.00769497	867.813
0.00817871	877.258
0.00865389	886.28
0.00912009	894.926
0.00957437	903.161
0.00997626	910.28
0.0102796	915.591
0.0105812	920.797
0.010882	925.908
0.0111792	930.83
0.0114762	935.695
0.0117736	940.514
0.0120715	945.298
0.0123695	950.029
0.0126676	954.711
0.0129658	959.335
0.0132643	963.919
0.0135634	968.467
0.0138631	972.982
0.0141632	977.462
0.0144638	981.902
0.0147648	986.309
0.0150664	990.679
0.015368	994.998
0.0156703	999.29
0.0159732	1003.55
0.0162766	1007.79
0.0165806	1011.99
0.0168851	1016.17
0.0171903	1020.31
0.017496	1024.43
0.0178022	1028.52
0.0181089	1032.58
0.0184161	1036.61
0.0187239	1040.61
0.0190323	1044.59
0.0193412	1048.54
0.0196505	1052.45
0.0199604	1056.34
0.0202708	1060.21
0.0205817	1064.05
0.0208932	1067.86
0.0212053	1071.65
0.0215179	1075.42
0.0218312	1079.17
0.022145	1082.89
0.0224593	1086.59
0.0227743	1090.27
0.0230898	1093.92
0.0234059	1097.56
0.0237225	1101.17
0.0240396	1104.75
0.0243573	1108.32
0.0246755	1111.87
0.0249943	1115.39
0.0253136	1118.9
0.0256334	1122.38
0.0259538	1125.84
0.0262747	1129.28
0.0265961	1132.7
0.026918	1136.09
0.0272405	1139.48
0.0275635	1142.84
0.0278869	1146.18
0.0282109	1149.5
0.0285354	1152.8
0.0288604	1156.08
0.0291858	1159.35
0.0295117	1162.59
0.0298381	1165.81
0.0301649	1169.02
0.0304922	1172.21
0.03082	1175.38
0.0311482	1178.53
0.031477	1181.66
0.0318062	1184.78
0.0321358	1187.89
0.0324659	1190.97
0.0327964	1194.04
0.0327577	1184.43
0.0325298	1127.85
0.0323018	1071.27
0.0320739	1014.68
0.0318459	958.08
0.0316179	901.476
0.0313898	844.866
0.0311618	788.249
0.0309337	731.625
0.0307056	674.995
0.0304775	618.358
0.0302494	561.715
0.0300212	505.065
0.0297848	448.535
0.0295325	392.385
0.0292831	336.343
0.0290329	280.441
0.0287553	224.932
0.0284802	169.665
0.0281761	114.761
0.0278699	60.3191
0.0275583	6.07777
0.0272249	-47.6205
0.0268716	-100.677
0.0265179	-153.024
0.0261558	-203.919
0.0257949	-252.305
0.0254406	-297.089
0.0250836	-337.636
0.024709	-373.53
0.0243012	-405.25
0.0238671	-428.249
0.0234073	-445.997
0.022926	-462.856
0.0224384	-478.929
0.0219499	-494.183
0.0214686	-508.676
0.0209914	-522.63
0.0205145	-536.118
0.0200435	-549.106
0.019579	-561.576
0.0191206	-573.527
0.0186672	-585.065
0.0182184	-596.237
0.0177735	-607.094
0.0173354	-617.571
0.0169061	-627.64
0.0164937	-637.141
0.0161669	-644.662
0.0158638	-651.553
0.015568	-658.133
0.015272	-664.644
0.0149763	-671.072
0.0146803	-677.435
0.0143847	-683.705
0.0140899	-689.873
0.0137979	-695.871
0.0135055	-701.814
0.0132128	-707.709
0.0129196	-713.555
0.0126261	-719.354
0.0123322	-725.108
0.0120377	-730.818
0.0117432	-736.474
0.0114487	-742.072
0.0111537	-747.625
0.0108584	-753.134
0.0105633	-758.577
0.0102678	-763.98
0.0099718	-769.344
0.00967549	-774.666
0.00937876	-779.949
0.00908162	-785.195
0.00878408	-790.402
0.00848625	-795.567
0.00818824	-800.687
0.00788988	-805.772
0.00759115	-810.82
0.00729209	-815.83
0.00699282	-820.799
0.00669348	-825.72
0.00639381	-830.607
0.00609383	-835.458
0.00579352	-840.276
0.00549288	-845.061
0.00519193	-849.811
0.0048907	-854.529
0.00458915	-859.214
0.00428729	-863.868
0.00398514	-868.49
0.00368271	-873.081
0.00337999	-877.64
0.003077	-882.169
0.00277379	-886.666
0.00247035	-891.13
0.00216681	-895.558
0.00186303	-899.956
0.00155903	-904.326
0.00125482	-908.665
0.000950401	-912.975
0.000645767	-917.256
0.000340923	-921.509
3.58877E-005	-925.734
-0.00026924	-929.926
-0.000574378	-934.082
-0.000879686	-938.212
-0.00118516	-942.315
-0.00149075	-946.39
-0.00179649	-950.439
-0.00210238	-954.461
-0.0024084	-958.457
-0.00271456	-962.427
-0.00302084	-966.372
-0.00332725	-970.291
-0.00363377	-974.184
-0.00394039	-978.053
-0.00424711	-981.897
-0.00455393	-985.716
-0.00486084	-989.51
-0.00516782	-993.28
-0.00547488	-997.026
-0.00578201	-1000.75
-0.0060892	-1004.45
-0.00639645	-1008.12
-0.00670375	-1011.78
-0.00701107	-1015.4
-0.00731841	-1019.01
-0.00762577	-1022.59
-0.00793315	-1026.15
-0.00824052	-1029.69
-0.00854789	-1033.2
-0.00885526	-1036.69
-0.00916263	-1040.16
-0.00946998	-1043.61
-0.00977732	-1047.04
-0.0100846	-1050.45
-0.0103919	-1053.83
-0.0106992	-1057.19
-0.0110064	-1060.54
-0.0113135	-1063.86
-0.0116205	-1067.15
-0.0119275	-1070.43
-0.0122345	-1073.69
-0.0125413	-1076.93
-0.0128481	-1080.15
-0.0131548	-1083.35
-0.0134614	-1086.52
-0.0137679	-1089.68
-0.0140743	-1092.83
-0.0143806	-1095.95
-0.0146868	-1099.05
-0.014993	-1102.14
-0.0152989	-1105.2
-0.0156047	-1108.25
-0.0159105	-1111.28
-0.016216	-1114.29
-0.0165215	-1117.28
-0.0168268	-1120.26
-0.017132	-1123.21
-0.017437	-1126.15
-0.0177418	-1129.07
-0.0180465	-1131.98
-0.018351	-1134.86
-0.0186554	-1137.73
-0.0189595	-1140.58
-0.0192635	-1143.42
-0.0195673	-1146.24
-0.0198709	-1149.04
-0.0201744	-1151.83
-0.0204776	-1154.6
-0.0207807	-1157.36
-0.0210836	-1160.09
-0.0213863	-1162.82
-0.0216888	-1165.53
-0.021991	-1168.22
-0.0222931	-1170.9
-0.022595	-1173.57
-0.0228967	-1176.22
-0.0231981	-1178.86
-0.0234994	-1181.48
-0.0238004	-1184.09
-0.0241012	-1186.68
-0.0244018	-1189.27
-0.0247021	-1191.83
-0.0250022	-1194.38
-0.0253021	-1196.92
-0.0256018	-1199.44
-0.0259012	-1201.95
-0.0262004	-1204.45
-0.0264994	-1206.93
-0.0267981	-1209.4
-0.0270965	-1211.86
-0.0273947	-1214.3
-0.0276927	-1216.73
-0.0279904	-1219.15
-0.0282878	-1221.55
-0.028585	-1223.94
-0.028882	-1226.32
-0.0291786	-1228.69
-0.029475	-1231.04
-0.0294361	-1221.34
-0.0292068	-1164.23
-0.0289776	-1107.13
-0.0287484	-1050.03
-0.0285192	-992.943
-0.02829	-935.861
-0.0280608	-878.786
-0.0278317	-821.717
-0.0276026	-764.655
-0.0273735	-707.6
-0.0271444	-650.552
-0.0269153	-593.511
-0.0266863	-536.477
-0.0264288	-479.686
-0.0261727	-422.905
-0.0259183	-366.24
-0.0256652	-309.646
-0.02539	-253.211
-0.0251056	-197.052
-0.024824	-141.026
-0.0245086	-85.4916
-0.0241956	-30.1805
-0.0238779	24.879
-0.0235507	79.0202
-0.0232208	131.841
-0.0228973	182.604
-0.0225758	230.21
-0.0222542	273.865
-0.0219182	312.997
-0.0215649	346.831
-0.0211986	370.409
-0.0208154	389.092
-0.0203727	406.047
-0.0199191	422.325
-0.019462	437.906
-0.0190024	452.994
-0.0185472	467.502
-0.0180951	481.419
-0.0176525	494.708
-0.0172122	507.599
-0.0167748	520.029
-0.016341	532.085
-0.0159137	543.714
-0.0154932	554.93
-0.0150862	565.582
-0.0147459	574.413
-0.0144481	582.049
-0.0141568	589.358
-0.013867	596.524
-0.0135777	603.588
-0.0132881	610.575
-0.0129982	617.493
-0.0127092	624.287
-0.0124226	630.914
-0.0121362	637.454
-0.0118493	643.943
-0.0115619	650.382
-0.011274	656.774
-0.0109854	663.118
-0.0106964	669.411
-0.0104072	675.645
-0.0101177	681.818
-0.00982775	687.946
-0.00953722	694.029
-0.00924668	700.043
-0.00895567	706.012
-0.00866413	711.939
-0.00837201	717.827
-0.00807932	723.675
-0.00778604	729.482
-0.00749218	735.25
-0.00719796	740.968
-0.00690331	746.641
-0.00660814	752.274
-0.00631241	757.869
-0.00601611	763.425
-0.00571941	768.938
-0.00542241	774.401
-0.00512486	779.828
-0.00482675	785.219
-0.00452813	790.572
-0.00422895	795.89
-0.00392922	801.174
-0.00362893	806.423
-0.00332808	811.638
-0.00302668	816.82
-0.00272473	821.968
-0.00242226	827.082
-0.00211923	832.162
-0.00181566	837.209
-0.00151158	842.224
-0.00120712	847.2
-0.000902201	852.141
-0.000596742	857.05
-0.000290746	861.928
1.57619E-005	866.774
0.000322802	871.59
0.000630365	876.375
0.000938441	881.128
0.00124704	885.852
0.00155593	890.535
0.00186528	895.187
0.00217514	899.81
0.0024855	904.404
0.00279636	908.969
0.00310772	913.507
0.00341959	918.015
0.00373197	922.496
0.00404484	926.949
0.00435822	931.375
0.00467209	935.772
0.00498646	940.143
0.00530132	944.487
0.00561668	948.804
0.00593252	953.095
0.00624885	957.359
0.00656563	961.597
0.00688289	965.81
0.00720062	969.996
0.00751882	974.157
0.0078375	978.293
0.00815665	982.403
0.00847626	986.488
0.00879634	990.549
0.00911687	994.585
0.00943782	998.596
0.00975922	1002.58
0.0100811	1006.55
0.0104034	1010.49
0.0107261	1014.4
0.0110493	1018.29
0.0113729	1022.16
0.011697	1026.01
0.0120214	1029.83
0.0123463	1033.63
0.0126716	1037.41
0.0129972	1041.16
0.0133233	1044.89
0.0136498	1048.6
0.0139767	1052.29
0.014304	1055.95
0.0146317	1059.6
0.0149598	1063.22
0.0152883	1066.82
0.0156172	1070.4
0.0159464	1073.96
0.0162761	1077.5
0.016606	1081.02
0.0169364	1084.52
0.0172672	1088
0.0175983	1091.46
0.0179298	1094.91
0.0182616	1098.33
0.0185939	1101.73
0.0189264	1105.11
0.0192593	1108.48
0.0195925	1111.82
0.019926	1115.14
0.0202598	1118.44
0.020594	1121.73
0.0209285	1125
0.0212633	1128.25
0.0215985	1131.48
0.021934	1134.69
0.0222698	1137.89
0.0226059	1141.07
0.0229424	1144.23
0.0232791	1147.38
0.0236162	1150.51
0.0239536	1153.62
0.0242913	1156.72
0.0246292	1159.8
0.0249675	1162.86
0.0253061	1165.91
0.025645	1168.94
0.0259842	1171.96
0.0263236	1174.96
0.0266634	1177.94
0.0270034	1180.91
0.0273437	1183.86
0.0276843	1186.8
0.0280252	1189.73
0.0283664	1192.64
0.0287078	1195.54
0.0290495	1198.42
0.0293915	1201.28
0.0297338	1204.14
0.0300763	1206.98
0.0304191	1209.8
0.0307621	1212.62
0.0311054	1215.41
0.031449	1218.2
0.0317928	1220.97
0.0321368	1223.73
0.0324811	1226.47
0.0328256	1229.2
0.0331704	1231.92
0.0335154	1234.62
0.0338606	1237.31
0.0342061	1239.99
0.0341673	1230.36
0.0339389	1173.67
0.0337106	1116.97
0.0334822	1060.27
0.0332538	1003.56
0.0330254	946.838
0.0327969	890.113
0.0325684	833.383
0.03234	776.646
0.0321115	719.902
0.0318829	663.152
0.0316544	606.395
0.0314259	549.632
0.0311862	493.041
0.0309333	436.793
0.0306832	380.661
0.0304287	324.687
0.0301502	269.098
0.0298742	213.745
0.029565	158.766
0.0292576	104.236
0.0289426	49.9288
0.0286079	-3.85863
0.0282508	-57.0015
0.0278953	-109.464
0.0275304	-160.443
0.0271662	-208.99
0.0268086	-253.988
0.0264469	-294.83
0.0260678	-331.056
0.0256553	-363.212
0.0252158	-386.743
0.024749	-405.006
0.0242642	-422.426
0.0237738	-439.006
0.0232846	-454.693
0.0228019	-469.625
0.0223213	-484.052
0.021843	-497.966
0.0213712	-511.344
0.0209063	-524.166
0.0204472	-536.484
0.0199937	-548.367
0.019544	-559.903
0.0191011	-571.037
0.018665	-581.787
0.0182427	-592.003
0.0178848	-600.598
0.0175779	-607.937
0.0172789	-614.935
0.0169814	-621.801
0.0166841	-628.581
0.0163869	-635.279
0.0160894	-641.906
0.0157929	-648.416
0.0154985	-654.772
0.0152047	-661.036
0.0149107	-667.243
0.0146162	-673.4
0.0143212	-679.51
0.0140257	-685.575
0.0137297	-691.592
0.0134333	-697.561
0.0131371	-703.461
0.0128405	-709.313
0.0125433	-715.121
0.0122462	-720.867
0.0119489	-726.562
0.011651	-732.215
0.0113528	-737.826
0.0110541	-743.396
0.0107549	-748.926
0.0104553	-754.417
0.0101553	-759.869
0.00985506	-765.271
0.00955448	-770.634
0.00925347	-775.958
0.0089521	-781.243
0.00865033	-786.489
0.00834848	-791.686
0.00804635	-796.841
0.00774386	-801.961
0.007441	-807.044
0.00713778	-812.091
0.00683419	-817.104
0.00653028	-822.081
0.00622601	-827.025
0.00592139	-831.934
0.00561642	-836.81
0.00531112	-841.654
0.0050055	-846.465
0.00469957	-851.243
0.00439337	-855.988
0.00408687	-860.7
0.00378019	-865.375
0.00347331	-870.017
0.00316617	-874.628
0.00285876	-879.207
0.00255111	-883.755
0.00224321	-888.272
0.00193506	-892.76
0.00162668	-897.217
0.00131808	-901.644
0.00100943	-906.035
0.000700676	-910.392
0.000391738	-914.72
8.26266E-005	-919.02
-0.000226673	-923.292
-0.000536153	-927.536
-0.000845809	-931.752
-0.00115563	-935.941
-0.00146561	-940.102
-0.00177575	-944.237
-0.00208603	-948.344
-0.00239646	-952.425
-0.00270701	-956.479
-0.00301769	-960.507
-0.00332849	-964.509
-0.00363939	-968.485
-0.0039504	-972.436
-0.00426152	-976.361
-0.00457273	-980.262
-0.00488401	-984.138
-0.00519534	-987.988
-0.00550673	-991.813
-0.00581818	-995.614
-0.00612968	-999.391
-0.0064412	-1003.14
-0.00675276	-1006.87
-0.00706434	-1010.57
-0.00737595	-1014.25
-0.00768758	-1017.91
-0.00799921	-1021.55
-0.00831085	-1025.16
-0.00862249	-1028.74
-0.00893412	-1032.31
-0.00924574	-1035.85
-0.00955733	-1039.37
-0.00986887	-1042.87
-0.0101804	-1046.35
-0.0104918	-1049.8
-0.0108031	-1053.23
-0.0111145	-1056.64
-0.0114257	-1060.03
-0.0117369	-1063.39
-0.012048	-1066.74
-0.0123591	-1070.07
-0.0126701	-1073.37
-0.0129809	-1076.66
-0.0132917	-1079.92
-0.0136024	-1083.17
-0.0139129	-1086.39
-0.0142234	-1089.6
-0.0145337	-1092.78
-0.0148439	-1095.95
-0.015154	-1099.1
-0.015464	-1102.22
-0.0157738	-1105.33
-0.0160835	-1108.43
-0.016393	-1111.5
-0.0167023	-1114.55
-0.0170115	-1117.58
-0.0173205	-1120.6
-0.0176294	-1123.59
-0.0179381	-1126.57
-0.0182466	-1129.53
-0.0185549	-1132.47
-0.0188631	-1135.4
-0.019171	-1138.31
-0.0194788	-1141.2
-0.0197864	-1144.08
-0.0200938	-1146.94
-0.020401	-1149.78
-0.020708	-1152.61
-0.0210148	-1155.42
-0.0213214	-1158.21
-0.0216278	-1160.99
-0.0219339	-1163.75
-0.0222399	-1166.5
-0.0225456	-1169.23
-0.0228511	-1171.95
-0.0231564	-1174.65
-0.0234615	-1177.33
-0.0237663	-1180
-0.0240709	-1182.66
-0.0243753	-1185.3
-0.0246794	-1187.93
-0.0249833	-1190.55
-0.0252869	-1193.15
-0.0255903	-1195.73
-0.0258934	-1198.3
-0.0261963	-1200.86
-0.026499	-1203.4
-0.0268013	-1205.93
-0.0271034	-1208.45
-0.0274053	-1210.95
-0.0277069	-1213.44
-0.0280082	-1215.91
-0.0283092	-1218.37
-0.02861	-1220.82
-0.028571	-1211.11
-0.0283416	-1153.95
-0.0281121	-1096.79
-0.0278827	-1039.64
-0.0276533	-982.496
-0.027424	-925.36
-0.0271946	-868.231
-0.0269653	-811.108
-0.026736	-753.992
-0.0265067	-696.883
-0.0262774	-639.781
-0.0260481	-582.685
-0.0258189	-525.597
-0.0255603	-468.764
-0.0253039	-411.93
-0.0250493	-355.215
-0.024796	-298.568
-0.0245194	-242.091
-0.0242347	-185.881
-0.023953	-129.822
-0.0236361	-74.2474
-0.023323	-18.8945
-0.0230038	36.1941
-0.0226767	90.3497
-0.0223455	143.185
-0.0220222	193.929
-0.0216994	241.505
-0.0213781	285.093
-0.0210416	324.133
-0.0206876	357.875
-0.0203211	381.348
-0.0199375	399.927
-0.0194946	416.824
-0.0190414	433.029
-0.0185848	448.526
-0.0181257	463.534
-0.0176711	477.965
-0.0172184	491.839
-0.0167757	505.065
-0.0163355	517.895
-0.015898	530.269
-0.0154641	542.263
-0.0150361	553.847
-0.014614	565.042
-0.0142041	575.707
-0.0138433	584.984
-0.0135451	592.579
-0.0132526	599.88
-0.012963	606.985
-0.0126738	613.996
-0.0123845	620.92
-0.0120947	627.784
-0.0118058	634.525
-0.0115185	641.132
-0.0112324	647.613
-0.0109458	654.042
-0.0106587	660.421
-0.010371	666.752
-0.0100828	673.036
-0.00979409	679.272
-0.00950505	685.454
-0.00921592	691.57
-0.00892629	697.64
-0.0086361	703.666
-0.00834572	709.633
-0.00805506	715.545
-0.00776394	721.415
-0.00747225	727.245
-0.00717999	733.035
-0.00688716	738.786
-0.00659376	744.497
-0.00629983	750.167
-0.00600565	755.785
-0.00571094	761.363
-0.00541571	766.902
-0.00511994	772.403
-0.00482361	777.868
-0.00452703	783.281
-0.00423003	788.654
-0.00393248	793.991
-0.00363441	799.292
-0.00333583	804.557
-0.00303671	809.787
-0.00273704	814.983
-0.00243683	820.145
-0.00213608	825.274
-0.0018348	830.37
-0.00153298	835.433
-0.00123066	840.462
-0.00092779	845.458
-0.0006244	850.423
-0.000320544	855.354
-1.63062E-005	860.247
0.00028839	865.106
0.000593609	869.934
0.000899348	874.732
0.00120558	879.498
0.00151233	884.234
0.0018196	888.94
0.00212735	893.615
0.00243562	898.261
0.00274415	902.867
0.00305314	907.442
0.00336261	911.989
0.00367256	916.508
0.003983	920.998
0.00429392	925.46
0.00460534	929.895
0.00491724	934.301
0.00522962	938.682
0.00554249	943.034
0.00585584	947.36
0.00616966	951.659
0.00648397	955.932
0.00679874	960.178
0.00711399	964.399
0.00742971	968.593
0.00774589	972.764
0.0080625	976.907
0.00837957	981.026
0.00869709	985.119
0.00901508	989.187
0.00933351	993.23
0.00965239	997.25
0.00997172	1001.24
0.0102915	1005.22
0.0106117	1009.16
0.0109323	1013.08
0.0112533	1016.98
0.0115748	1020.86
0.0118967	1024.71
0.012219	1028.54
0.0125417	1032.35
0.0128649	1036.13
0.0131884	1039.89
0.0135124	1043.63
0.0138367	1047.35
0.0141614	1051.04
0.0144865	1054.71
0.014812	1058.36
0.0151379	1061.99
0.0154642	1065.6
0.0157908	1069.18
0.0161179	1072.75
0.0164453	1076.3
0.0167731	1079.82
0.0171013	1083.33
0.0174298	1086.81
0.0177586	1090.28
0.0180879	1093.72
0.0184175	1097.15
0.0187474	1100.55
0.0190777	1103.94
0.0194084	1107.31
0.0197394	1110.66
0.0200707	1113.99
0.0204024	1117.3
0.0207344	1120.59
0.0210667	1123.87
0.0213993	1127.12
0.0217321	1130.35
0.0220653	1133.57
0.0223989	1136.77
0.0227327	1139.95
0.0230668	1143.12
0.0234013	1146.27
0.023736	1149.4
0.0240711	1152.51
0.0244065	1155.61
0.0247421	1158.69
0.0250781	1161.76
0.0254143	1164.81
0.0257509	1167.84
0.0260877	1170.86
0.0264248	1173.86
0.0267622	1176.85
0.0270999	1179.82
0.0274379	1182.77
0.0277761	1185.72
0.0281147	1188.64
0.0284535	1191.55
0.0287925	1194.45
0.0291319	1197.33
0.0294715	1200.2
0.0298114	1203.06
0.0301515	1205.9
0.0304919	1208.72
0.0308326	1211.54
0.0311735	1214.34
0.0315147	1217.12
0.0318561	1219.89
0.0321978	1222.65
0.0325397	1225.4
0.0328819	1228.13
0.0332243	1230.84
0.0335669	1233.55
0.0339098	1236.24
0.0342529	1238.92
0.0345962	1241.59
0.0349397	1244.24
0.0349009	1234.6
0.0346724	1177.87
0.0344438	1121.12
0.0342153	1064.38
0.0339867	1007.62
0.0337581	950.858
0.0335295	894.089
0.0333009	837.314
0.0330722	780.533
0.0328436	723.745
0.0326149	666.95
0.0323862	610.15
0.0321575	553.342
0.0319171	496.716
0.0316641	440.43
0.0314138	384.259
0.0311584	328.254
0.0308798	272.634
0.0306036	217.245
0.030293	162.228
0.0299856	107.688
0.0296695	53.36
0.0293346	-0.448058
0.0289762	-53.5967
0.0286206	-106.074
0.0282543	-157.038
0.0278885	-205.566
0.02753	-250.523
0.0271665	-291.339
0.0267853	-327.538
0.0263706	-359.691
0.0259278	-383.251
0.025458	-401.55
0.0249708	-419.018
0.0244779	-435.656
0.0239865	-451.385
0.0235018	-466.351
0.0230192	-480.809
0.0225387	-494.76
0.022065	-508.173
0.021598	-521.029
0.0211369	-533.378
0.0206811	-545.307
0.0202295	-556.87
0.0197844	-568.038
0.0193461	-578.822
0.0189214	-589.075
0.0185576	-597.789
0.0182491	-605.155
0.017948	-612.192
0.017649	-619.081
0.0173501	-625.886
0.0170513	-632.605
0.0167522	-639.256
0.0164541	-645.789
0.0161579	-652.177
0.0158626	-658.462
0.015567	-664.689
0.0152709	-670.867
0.0149743	-676.997
0.0146773	-683.082
0.0143796	-689.122
0.0140816	-695.111
0.0137837	-701.032
0.0134855	-706.903
0.0131867	-712.73
0.0128879	-718.497
0.0125889	-724.211
0.0122894	-729.883
0.0119894	-735.513
0.0116891	-741.101
0.0113882	-746.649
0.0110869	-752.158
0.0107852	-757.627
0.0104832	-763.049
0.0101809	-768.428
0.00987817	-773.77
0.00957506	-779.072
0.00927154	-784.336
0.0089679	-789.551
0.00866401	-794.723
0.00835975	-799.858
0.00805509	-804.958
0.00775008	-810.023
0.0074447	-815.052
0.00713898	-820.045
0.0068329	-825.004
0.00652646	-829.929
0.00621967	-834.821
0.00591254	-839.679
0.00560508	-844.506
0.00529729	-849.299
0.00498923	-854.059
0.00468087	-858.786
0.0043723	-863.477
0.00406354	-868.133
0.00375452	-872.759
0.00344522	-877.352
0.00313568	-881.914
0.00282588	-886.446
0.00251582	-890.948
0.00220553	-895.419
0.00189501	-899.86
0.00158442	-904.265
0.00127374	-908.635
0.000962875	-912.978
0.000651821	-917.291
0.000340582	-921.576
2.91561E-005	-925.833
-0.000282449	-930.062
-0.000594226	-934.264
-0.000906167	-938.438
-0.00121827	-942.585
-0.00153052	-946.704
-0.00184291	-950.798
-0.00215544	-954.864
-0.00246809	-958.905
-0.00278087	-962.919
-0.00309376	-966.907
-0.00340676	-970.869
-0.00371986	-974.806
-0.00403307	-978.72
-0.00434635	-982.607
-0.00465968	-986.469
-0.00497307	-990.305
-0.00528653	-994.118
-0.00560004	-997.905
-0.00591359	-1001.67
-0.00622716	-1005.41
-0.00654075	-1009.12
-0.00685438	-1012.81
-0.00716803	-1016.48
-0.00748169	-1020.13
-0.00779535	-1023.75
-0.00810901	-1027.35
-0.00842267	-1030.92
-0.00873631	-1034.48
-0.00904993	-1038.01
-0.0093635	-1041.51
-0.00967701	-1045
-0.00999046	-1048.46
-0.0103039	-1051.9
-0.0106172	-1055.32
-0.0109305	-1058.72
-0.0112437	-1062.1
-0.0115569	-1065.45
-0.01187	-1068.79
-0.012183	-1072.1
-0.0124959	-1075.4
-0.0128087	-1078.67
-0.0131214	-1081.93
-0.0134339	-1085.16
-0.0137464	-1088.38
-0.0140588	-1091.57
-0.014371	-1094.75
-0.0146831	-1097.9
-0.0149951	-1101.04
-0.015307	-1104.16
-0.0156187	-1107.26
-0.0159302	-1110.34
-0.0162416	-1113.4
-0.0165528	-1116.44
-0.0168638	-1119.46
-0.0171747	-1122.47
-0.0174854	-1125.45
-0.0177959	-1128.42
-0.0181062	-1131.38
-0.0184164	-1134.31
-0.0187263	-1137.23
-0.0190361	-1140.13
-0.0193457	-1143.01
-0.0196551	-1145.88
-0.0199643	-1148.73
-0.0202733	-1151.56
-0.0205821	-1154.38
-0.0208906	-1157.18
-0.021199	-1159.97
-0.0215071	-1162.73
-0.0218151	-1165.49
-0.0221228	-1168.23
-0.0224302	-1170.95
-0.0227375	-1173.66
-0.0230445	-1176.36
-0.0233513	-1179.03
-0.0236579	-1181.7
-0.0239642	-1184.35
-0.0242702	-1186.98
-0.024576	-1189.61
-0.0248816	-1192.21
-0.0251869	-1194.81
-0.025492	-1197.38
-0.0257968	-1199.95
-0.0261013	-1202.5
-0.0264056	-1205.03
-0.0267097	-1207.56
-0.0270134	-1210.06
-0.0273169	-1212.56
-0.0276201	-1215.04
-0.027923	-1217.51
-0.0282257	-1219.96
-0.0281867	-1210.25
-0.0279572	-1153.06
-0.0277277	-1095.88
-0.0274982	-1038.71
-0.0272687	-981.547
-0.0270393	-924.389
-0.0268098	-867.237
-0.0265804	-810.093
-0.026351	-752.955
-0.0261216	-695.824
-0.0258923	-638.7
-0.025663	-581.583
-0.0254336	-524.473
-0.0251747	-467.622
-0.0249182	-410.766
-0.0246635	-354.031
-0.0244101	-297.364
-0.0241329	-240.864
-0.0238482	-184.642
-0.0235662	-128.551
-0.0232489	-72.9763
-0.0229358	-17.6074
-0.0226165	37.4853
-0.02229	91.6268
-0.0219579	144.48
-0.0216345	195.214
-0.0213115	242.773
-0.0209902	286.335
-0.0206534	325.349
-0.020299	359.065
-0.0199323	382.538
-0.0195479	401.108
-0.0191046	418.02
-0.0186515	434.23
-0.0181951	449.727
-0.0177363	464.736
-0.0172818	479.168
-0.016829	493.054
-0.0163865	506.279
-0.0159466	519.111
-0.0155092	531.49
-0.0150755	543.485
-0.0146475	555.072
-0.0142254	566.272
-0.0138149	576.958
-0.0134487	586.373
-0.0131509	593.961
-0.0128581	601.272
-0.0125688	608.371
-0.0122797	615.38
-0.0119907	622.299
-0.0117011	629.158
-0.0114124	635.899
-0.011125	642.512
-0.0108392	648.988
-0.0105529	655.411
-0.010266	661.786
-0.00997866	668.111
-0.00969073	674.39
-0.00940225	680.621
-0.00911349	686.798
-0.00882459	692.912
-0.00853525	698.977
-0.00824536	704.998
-0.00795521	710.963
-0.00766486	716.87
-0.00737404	722.735
-0.00708266	728.56
-0.00679073	734.346
-0.00649823	740.091
-0.00620516	745.797
-0.00591155	751.463
-0.00561767	757.078
-0.00532329	762.652
-0.00502841	768.186
-0.00473299	773.683
-0.00443702	779.143
-0.00414073	784.556
-0.0038441	789.924
-0.00354692	795.256
-0.00324922	800.553
-0.00295102	805.813
-0.00265229	811.038
-0.00235302	816.23
-0.00205321	821.387
-0.00175287	826.512
-0.001452	831.603
-0.00115059	836.662
-0.000848689	841.687
-0.000546251	846.679
-0.000243289	851.639
6.01503E-005	856.567
0.000363983	861.457
0.00066824	866.312
0.000973006	871.137
0.00127829	875.93
0.00158406	880.692
0.00189034	885.424
0.00219714	890.125
0.00250441	894.797
0.00281219	899.438
0.00312034	904.045
0.00342883	908.616
0.00373781	913.159
0.00404726	917.674
0.00435718	922.16
0.00466759	926.618
0.00497848	931.049
0.00528985	935.452
0.0056017	939.828
0.00591403	944.177
0.00622683	948.499
0.00654011	952.794
0.00685386	957.063
0.00716807	961.305
0.00748275	965.522
0.0077979	969.713
0.00811351	973.88
0.00842954	978.02
0.00874603	982.134
0.00906296	986.224
0.00938034	990.289
0.00969817	994.329
0.0100164	998.345
0.0103352	1002.34
0.0106543	1006.3
0.0109739	1010.25
0.0112938	1014.17
0.0116142	1018.06
0.0119351	1021.93
0.0122563	1025.78
0.012578	1029.61
0.0129	1033.41
0.0132225	1037.19
0.0135454	1040.95
0.0138687	1044.69
0.0141924	1048.4
0.0145165	1052.09
0.0148409	1055.76
0.0151657	1059.41
0.0154909	1063.03
0.0158164	1066.63
0.0161424	1070.22
0.0164687	1073.78
0.0167954	1077.32
0.0171225	1080.85
0.0174499	1084.35
0.0177777	1087.83
0.0181059	1091.29
0.0184344	1094.73
0.0187632	1098.15
0.0190924	1101.56
0.019422	1104.94
0.0197519	1108.31
0.0200821	1111.65
0.0204127	1114.98
0.0207436	1118.29
0.0210748	1121.58
0.0214064	1124.85
0.0217382	1128.11
0.0220703	1131.34
0.0224028	1134.55
0.0227355	1137.75
0.0230685	1140.93
0.0234019	1144.09
0.0237355	1147.24
0.0240695	1150.37
0.0244037	1153.48
0.0247383	1156.57
0.0250731	1159.65
0.0254083	1162.71
0.0257437	1165.76
0.0260794	1168.79
0.0264154	1171.81
0.0267517	1174.81
0.0270882	1177.79
0.0274251	1180.76
0.0277622	1183.71
0.0280996	1186.65
0.0284373	1189.57
0.0287752	1192.48
0.0291134	1195.38
0.0294519	1198.26
0.0297907	1201.12
0.0301297	1203.97
0.0304689	1206.81
0.0308085	1209.64
0.0311483	1212.45
0.0314883	1215.24
0.0318286	1218.03
0.0321692	1220.8
0.03251	1223.55
0.032851	1226.29
0.0331923	1229.02
0.0335338	1231.74
0.0338755	1234.44
0.0342175	1237.13
0.0345597	1239.8
0.0349021	1242.47
0.0352447	1245.12
0.0352059	1235.48
0.0349773	1178.72
0.0347487	1121.96
0.0345201	1065.2
0.0342914	1008.43
0.0340628	951.646
0.0338341	894.861
0.0336054	838.069
0.0333767	781.27
0.033148	724.465
0.0329192	667.654
0.0326904	610.836
0.0324617	554.011
0.032221	497.372
0.031968	441.071
0.0317177	384.883
0.0314619	328.867
0.0311832	273.233
0.030907	217.829
0.0305958	162.803
0.0302885	108.252
0.0299719	53.9146
0.029637	0.0977663
0.0292781	-53.0531
0.0289226	-105.538
0.0285559	-156.49
0.0281898	-205.001
0.027831	-249.933
0.0274671	-290.722
0.0270853	-326.898
0.02667	-359.037
0.026226	-382.593
0.0257551	-400.9
0.0252672	-418.379
0.0247733	-435.032
0.0242811	-450.772
0.0237956	-465.745
0.0233124	-480.207
0.0228313	-494.164
0.0223567	-507.587
0.0218886	-520.458
0.021427	-532.811
0.0209702	-544.753
0.0205178	-556.323
0.0200718	-567.499
0.0196323	-578.301
0.0192066	-588.566
0.0188379	-597.381
0.0185286	-604.754
0.0182266	-611.807
0.0179269	-618.7
0.0176274	-625.511
0.017328	-632.234
0.0170282	-638.891
0.0167295	-645.429
0.0164325	-651.827
0.0161365	-658.119
0.0158403	-664.348
0.0155436	-670.529
0.0152464	-676.663
0.0149487	-682.751
0.0146505	-688.793
0.0143518	-694.787
0.0140532	-700.712
0.0137543	-706.586
0.013455	-712.416
0.0131554	-718.188
0.0128558	-723.905
0.0125556	-729.58
0.0122551	-735.213
0.011954	-740.803
0.0116525	-746.354
0.0113506	-751.865
0.0110481	-757.337
0.0107455	-762.762
0.0104425	-768.145
0.0101391	-773.489
0.00983532	-778.793
0.00953113	-784.059
0.00922676	-789.278
0.00892219	-794.452
0.00861724	-799.59
0.00831189	-804.693
0.00800619	-809.759
0.00770011	-814.79
0.0073937	-819.786
0.00708691	-824.747
0.00677977	-829.674
0.00647228	-834.568
0.00616443	-839.428
0.00585626	-844.256
0.00554775	-849.052
0.00523897	-853.813
0.0049299	-858.542
0.00462058	-863.237
0.0043111	-867.894
0.00400135	-872.521
0.00369132	-877.117
0.00338105	-881.681
0.00307052	-886.214
0.00275973	-890.717
0.0024487	-895.19
0.00213744	-899.633
0.00182609	-904.04
0.00151466	-908.413
0.00120305	-912.756
0.000891243	-917.071
0.000579256	-921.358
0.000267081	-925.616
-4.52746E-005	-929.847
-0.000357804	-934.049
-0.000670499	-938.225
-0.000983353	-942.373
-0.00129636	-946.495
-0.00160951	-950.589
-0.0019228	-954.657
-0.00223621	-958.699
-0.00254975	-962.714
-0.00286341	-966.704
-0.00317717	-970.667
-0.00349104	-974.605
-0.003805	-978.52
-0.00411906	-982.408
-0.00443316	-986.271
-0.00474732	-990.109
-0.00506155	-993.922
-0.00537584	-997.711
-0.00569016	-1001.48
-0.00600451	-1005.22
-0.00631888	-1008.93
-0.00663328	-1012.62
-0.00694771	-1016.29
-0.00726214	-1019.94
-0.00757658	-1023.56
-0.00789102	-1027.16
-0.00820545	-1030.74
-0.00851988	-1034.29
-0.00883428	-1037.82
-0.00914864	-1041.33
-0.00946293	-1044.82
-0.00977717	-1048.28
-0.0100913	-1051.72
-0.0104055	-1055.14
-0.0107196	-1058.54
-0.0110336	-1061.92
-0.0113475	-1065.28
-0.0116614	-1068.61
-0.0119751	-1071.93
-0.0122888	-1075.23
-0.0126024	-1078.5
-0.0129159	-1081.76
-0.0132293	-1084.99
-0.0135425	-1088.21
-0.0138557	-1091.4
-0.0141687	-1094.58
-0.0144816	-1097.74
-0.0147944	-1100.87
-0.015107	-1103.99
-0.0154195	-1107.09
-0.0157318	-1110.18
-0.016044	-1113.24
-0.016356	-1116.28
-0.0166678	-1119.3
-0.0169794	-1122.31
-0.0172909	-1125.3
-0.0176022	-1128.27
-0.0179133	-1131.22
-0.0182242	-1134.15
-0.018535	-1137.07
-0.0188455	-1139.97
-0.0191559	-1142.86
-0.0194661	-1145.72
-0.019776	-1148.57
-0.0200858	-1151.41
-0.0203954	-1154.23
-0.0207047	-1157.03
-0.0210138	-1159.82
-0.0213227	-1162.59
-0.0216314	-1165.34
-0.0219399	-1168.08
-0.0222482	-1170.81
-0.0225562	-1173.52
-0.022864	-1176.21
-0.0231715	-1178.89
-0.0234789	-1181.55
-0.0237859	-1184.2
-0.0240927	-1186.84
-0.0243993	-1189.46
-0.0247057	-1192.07
-0.0250117	-1194.66
-0.0253176	-1197.24
-0.0256231	-1199.81
-0.0259284	-1202.36
-0.0262335	-1204.89
-0.0265382	-1207.42
-0.0268427	-1209.93
-0.027147	-1212.42
-0.0274509	-1214.9
-0.0277546	-1217.37
-0.028058	-1219.82
-0.028019	-1210.11
-0.0277895	-1152.92
-0.0275599	-1095.73
-0.0273304	-1038.55
-0.0271009	-981.373
-0.0268714	-924.206
-0.026642	-867.047
-0.0264125	-809.893
-0.0261831	-752.747
-0.0259537	-695.607
-0.0257243	-638.474
-0.025495	-581.348
-0.0252656	-524.229
-0.0250065	-467.371
-0.0247499	-410.506
-0.0244952	-353.763
-0.0242417	-297.086
-0.0239644	-240.58
-0.0236796	-184.349
-0.0233975	-128.25
-0.02308	-72.6691
-0.022767	-17.2932
-0.0224475	37.8039
-0.0221211	91.9448
-0.021789	144.797
-0.0214657	195.522
-0.0211425	243.12
-0.0208213	286.617
-0.0204845	325.618
-0.02013	359.323
-0.0197632	382.793
-0.0193785	401.361
-0.018935	418.282
-0.0184817	434.504
-0.0180257	449.995
-0.0175668	465.008
-0.0171125	479.437
-0.0166596	493.332
-0.0162171	506.562
-0.0157773	519.398
-0.0153399	531.781
-0.0149062	543.778
-0.0144783	555.368
-0.0140562	566.573
-0.0136454	577.27
-0.0132765	586.753
-0.0129786	594.345
-0.0126858	601.661
-0.0123965	608.76
-0.0121074	615.77
-0.0118185	622.688
-0.011529	629.546
-0.0112403	636.289
-0.010953	642.906
-0.0106672	649.381
-0.010381	655.803
-0.0100942	662.177
-0.00980696	668.501
-0.00951913	674.779
-0.00923074	681.01
-0.00894209	687.185
-0.00865327	693.299
-0.00836404	699.363
-0.00807427	705.383
-0.00778418	711.349
-0.00749395	717.255
-0.00720324	723.12
-0.00691199	728.945
-0.00662018	734.729
-0.0063278	740.473
-0.00603486	746.178
-0.00574137	751.844
-0.00544759	757.459
-0.00515334	763.032
-0.00485859	768.565
-0.00456331	774.061
-0.00426747	779.52
-0.00397128	784.934
-0.00367479	790.301
-0.00337775	795.632
-0.00308019	800.928
-0.00278214	806.188
-0.00248356	811.412
-0.00218444	816.603
-0.00188478	821.76
-0.00158459	826.883
-0.00128388	831.974
-0.000982639	837.032
-0.000680894	842.056
-0.000378622	847.048
-7.58236E-005	852.007
0.000227449	856.933
0.000531135	861.824
0.000835225	866.679
0.00113982	871.502
0.00144492	876.295
0.00175051	881.056
0.00205661	885.787
0.00236322	890.488
0.00267031	895.159
0.0029779	899.8
0.00328591	904.408
0.00359421	908.978
0.00390299	913.52
0.00421224	918.034
0.00452196	922.52
0.00483217	926.977
0.00514285	931.407
0.00545402	935.809
0.00576566	940.185
0.00607777	944.533
0.00639036	948.854
0.00670342	953.149
0.00701694	957.417
0.00733093	961.659
0.00764539	965.875
0.0079603	970.065
0.00827568	974.231
0.0085915	978.371
0.00890775	982.485
0.00922444	986.574
0.00954158	990.639
0.00985917	994.678
0.0101772	998.693
0.0104957	1002.68
0.0108146	1006.65
0.0111339	1010.59
0.0114536	1014.51
0.0117737	1018.41
0.0120943	1022.28
0.0124153	1026.13
0.0127367	1029.95
0.0130585	1033.75
0.0133807	1037.53
0.0137033	1041.29
0.0140264	1045.03
0.0143498	1048.74
0.0146736	1052.43
0.0149977	1056.1
0.0153222	1059.74
0.0156471	1063.37
0.0159724	1066.97
0.0162981	1070.56
0.0166241	1074.12
0.0169505	1077.66
0.0172773	1081.18
0.0176044	1084.68
0.017932	1088.16
0.0182598	1091.63
0.018588	1095.07
0.0189165	1098.49
0.0192454	1101.89
0.0195746	1105.27
0.0199042	1108.64
0.0202341	1111.98
0.0205644	1115.31
0.020895	1118.62
0.0212259	1121.91
0.0215572	1125.18
0.0218887	1128.44
0.0222205	1131.67
0.0225526	1134.88
0.022885	1138.08
0.0232177	1141.26
0.0235507	1144.42
0.023884	1147.56
0.0242176	1150.69
0.0245515	1153.8
0.0248858	1156.9
0.0252203	1159.98
0.025555	1163.04
0.0258901	1166.08
0.0262255	1169.11
0.0265611	1172.13
0.0268971	1175.13
0.0272333	1178.11
0.0275697	1181.08
0.0279065	1184.03
0.0282435	1186.97
0.0285808	1189.89
0.0289184	1192.8
0.0292563	1195.69
0.0295944	1198.57
0.0299328	1201.44
0.0302714	1204.29
0.0306103	1207.13
0.0309495	1209.95
0.0312889	1212.76
0.0316286	1215.56
0.0319685	1218.34
0.0323087	1221.11
0.0326491	1223.86
0.0329897	1226.61
0.0333306	1229.33
0.0336718	1232.05
0.0340131	1234.75
0.0343547	1237.44
0.0346965	1240.11
0.0350385	1242.78
0.0353807	1245.43
0.0353419	1235.79
0.0351133	1179.03
0.0348847	1122.26
0.034656	1065.48
0.0344273	1008.7
0.0341987	951.917
0.03397	895.124
0.0337412	838.324
0.0335125	781.518
0.0332837	724.706
0.033055	667.887
0.0328262	611.061
0.0325974	554.229
0.0323565	497.585
0.0321036	441.276
0.0318532	385.082
0.0315972	329.06
0.0313186	273.421
0.0310423	218.01
0.0307309	162.98
0.0304235	108.423
0.0301067	54.081
0.0297718	0.259851
0.0294128	-52.8926
0.0290572	-105.381
0.0286905	-156.326
0.0283243	-204.828
0.0279654	-249.743
0.0276014	-290.516
0.0272195	-326.679
0.0268039	-358.807
0.0263595	-382.356
0.0258883	-400.668
0.0254	-418.15
0.0249058	-434.809
0.0244132	-450.554
0.0239275	-465.529
0.023444	-479.992
0.0229626	-493.95
0.0224878	-507.378
0.0220193	-520.254
0.0215573	-532.61
0.0211	-544.563
0.0206474	-556.131
0.0202009	-567.313
0.019761	-578.118
0.0193347	-588.395
0.0189629	-597.27
0.0186533	-604.647
0.0183509	-611.708
0.0180509	-618.603
0.0177511	-625.417
0.0174515	-632.14
0.0171515	-638.799
0.0168524	-645.34
0.0165551	-651.743
0.0162588	-658.036
0.0159623	-664.267
0.0156654	-670.449
0.0153679	-676.584
0.01507	-682.673
0.0147715	-688.715
0.0144725	-694.71
0.0141737	-700.637
0.0138745	-706.512
0.0135748	-712.343
0.013275	-718.117
0.0129751	-723.835
0.0126746	-729.511
0.0123738	-735.144
0.0120725	-740.735
0.0117707	-746.287
0.0114685	-751.799
0.0111658	-757.271
0.0108628	-762.698
0.0105596	-768.081
0.0102559	-773.426
0.00995179	-778.731
0.00964731	-783.997
0.00934263	-789.218
0.00903777	-794.393
0.00873253	-799.531
0.00842689	-804.634
0.00812089	-809.701
0.00781452	-814.733
0.00750781	-819.729
0.00720073	-824.691
0.00689329	-829.618
0.0065855	-834.513
0.00627736	-839.373
0.00596888	-844.202
0.00566008	-848.998
0.00535099	-853.76
0.00504161	-858.489
0.00473198	-863.184
0.0044222	-867.843
0.00411214	-872.47
0.0038018	-877.066
0.00349123	-881.63
0.00318039	-886.164
0.00286929	-890.667
0.00255795	-895.141
0.00224638	-899.583
0.00193469	-903.993
0.00162295	-908.366
0.00131103	-912.709
0.000998908	-917.025
0.000686607	-921.311
0.000374117	-925.57
6.14473E-005	-929.801
-0.000251397	-934.004
-0.000564408	-938.18
-0.000877579	-942.329
-0.0011909	-946.45
-0.00150437	-950.545
-0.00181798	-954.613
-0.00213171	-958.655
-0.00244557	-962.671
-0.00275954	-966.661
-0.00307363	-970.624
-0.00338781	-974.562
-0.0037021	-978.476
-0.00401647	-982.366
-0.0043309	-986.229
-0.00464538	-990.067
-0.00495994	-993.881
-0.00527454	-997.669
-0.0055892	-1001.43
-0.00590386	-1005.17
-0.00621856	-1008.89
-0.00653329	-1012.58
-0.00684803	-1016.25
-0.00716279	-1019.9
-0.00747756	-1023.52
-0.00779232	-1027.12
-0.00810709	-1030.7
-0.00842183	-1034.25
-0.00873656	-1037.78
-0.00905125	-1041.29
-0.00936587	-1044.78
-0.00968043	-1048.24
-0.00999494	-1051.68
-0.0103094	-1055.1
-0.0106238	-1058.5
-0.0109381	-1061.88
-0.0112524	-1065.24
-0.0115666	-1068.58
-0.0118807	-1071.89
-0.0121947	-1075.19
-0.0125086	-1078.46
-0.0128225	-1081.72
-0.0131362	-1084.95
-0.0134497	-1088.17
-0.0137632	-1091.36
-0.0140765	-1094.54
-0.0143898	-1097.7
-0.0147029	-1100.84
-0.0150158	-1103.96
-0.0153286	-1107.06
-0.0156413	-1110.14
-0.0159538	-1113.2
-0.0162661	-1116.24
-0.0165782	-1119.27
-0.0168902	-1122.27
-0.017202	-1125.26
-0.0175136	-1128.23
-0.0178251	-1131.18
-0.0181363	-1134.12
-0.0184474	-1137.04
-0.0187583	-1139.94
-0.019069	-1142.82
-0.0193795	-1145.69
-0.0196898	-1148.54
-0.0199999	-1151.37
-0.0203098	-1154.19
-0.0206194	-1156.99
-0.0209289	-1159.78
-0.0212381	-1162.55
-0.0215472	-1165.3
-0.021856	-1168.04
-0.0221645	-1170.77
-0.0224729	-1173.48
-0.022781	-1176.17
-0.0230889	-1178.85
-0.0233965	-1181.52
-0.0237039	-1184.17
-0.0240111	-1186.8
-0.0243179	-1189.43
-0.0246246	-1192.03
-0.024931	-1194.63
-0.0252371	-1197.21
-0.025543	-1199.77
-0.0258486	-1202.32
-0.026154	-1204.86
-0.0264591	-1207.38
-0.0267639	-1209.89
-0.0270685	-1212.38
-0.0273728	-1214.87
-0.0276767	-1217.33
-0.0279805	-1219.79
-0.0279415	-1210.07
-0.0277119	-1152.88
-0.0274824	-1095.68
-0.0272528	-1038.5
-0.0270233	-981.322
-0.0267938	-924.152
-0.0265644	-866.988
-0.0263349	-809.831
-0.0261055	-752.681
-0.025876	-695.537
-0.0256466	-638.4
-0.0254173	-581.27
-0.0251879	-524.148
-0.0249287	-467.286
-0.0246721	-410.418
-0.0244174	-353.67
-0.0241639	-296.989
-0.0238864	-240.48
-0.0236016	-184.245
-0.0233195	-128.142
-0.0230019	-72.558
-0.0226889	-17.1785
-0.0223693	37.921
-0.022043	92.0614
-0.0217109	144.912
-0.0213876	195.631
-0.0210647	243.207
-0.0207433	286.71
-0.0204066	325.703
-0.020052	359.401
-0.0196853	382.867
-0.0193006	401.435
-0.018857	418.36
-0.0184037	434.582
-0.0179476	450.076
-0.0174888	465.091
-0.0170346	479.515
-0.0165817	493.417
-0.0161391	506.651
-0.0156993	519.49
-0.015262	531.874
-0.0148281	543.876
-0.0144004	555.464
-0.0139782	566.672
-0.0135672	577.375
-0.0131961	586.914
-0.0128986	594.496
-0.0126057	601.816
-0.0123165	608.916
-0.0120274	615.926
-0.0117385	622.843
-0.0114491	629.7
-0.0111604	636.445
-0.0108729	643.064
-0.0105872	649.54
-0.010301	655.961
-0.0100143	662.334
-0.00972709	668.658
-0.0094393	674.935
-0.00915094	681.166
-0.00886233	687.341
-0.00857354	693.456
-0.00828435	699.519
-0.00799461	705.539
-0.00770454	711.505
-0.00741435	717.411
-0.00712369	723.276
-0.00683248	729.1
-0.00654071	734.883
-0.00624838	740.628
-0.00595548	746.333
-0.00566204	751.998
-0.0053683	757.613
-0.00507409	763.186
-0.0047794	768.719
-0.00448416	774.214
-0.00418838	779.673
-0.00389222	785.087
-0.00359578	790.454
-0.0032988	795.785
-0.00300129	801.081
-0.0027033	806.34
-0.00240478	811.564
-0.00210572	816.754
-0.00180612	821.911
-0.00150599	827.034
-0.00120535	832.125
-0.000904165	837.183
-0.000602481	842.206
-0.000300275	847.197
2.45844E-006	852.156
0.000305664	857.083
0.000609298	861.974
0.000913321	866.828
0.00121784	871.651
0.00152287	876.444
0.0018284	881.205
0.00213442	885.935
0.00244095	890.636
0.00274797	895.307
0.00287554	897.237

